[6, 1, 1, 1, 1.0, 1.0, 1.0]
[2, 1, 1, 1, 1.0, 1.0, 1.0]
[1, 1, 1, 1, 1.0, 1.0, 1.0]
[1, 1, 1, 1, 1.0, 1.0, 1.0]
[2, 0, 1, 1, 0, 0.5, 0.5]
[3, 1, 1, 1, 1.0, 1.0, 1.0]
[2, 1, 1, 1, 1.0, 1.0, 1.0]
[7, 1, 1, 1, 1.0, 1.0, 1.0]
[7, 1, 1, 1, 1.0, 1.0, 1.0]
[3, 1, 1, 1, 1.0, 1.0, 1.0]
[3, 1, 1, 1, 1.0, 1.0, 1.0]
[1, 1, 1, 1, 1.0, 1.0, 1.0]
[6, 1, 1, 1, 1.0, 1.0, 1.0]
[2, 1, 1, 1, 1.0, 1.0, 1.0]
[6, 1, 1, 1, 1.0, 1.0, 1.0]
[3, 1, 1, 1, 1.0, 1.0, 1.0]
[2, 1, 1, 1, 1.0, 1.0, 1.0]
[3, 1, 1, 1, 1.0, 1.0, 1.0]
[8, 0, 0, 1, 0, 0, 0.1111111111111111]
[1, 1, 1, 1, 1.0, 1.0, 1.0]
[2, 1, 1, 1, 1.0, 1.0, 1.0]
[2, 1, 1, 1, 1.0, 1.0, 1.0]
[6, 1, 1, 1, 1.0, 1.0, 1.0]
[1, 1, 1, 1, 1.0, 1.0, 1.0]
[6, 1, 1, 1, 1.0, 1.0, 1.0]
[2, 1, 1, 1, 1.0, 1.0, 1.0]
[2, 1, 1, 1, 1.0, 1.0, 1.0]
[9, 1, 1, 1, 1.0, 1.0, 1.0]
[2, 0, 1, 1, 0, 0.5, 0.5]
[6, 1, 1, 1, 1.0, 1.0, 1.0]
[3, 1, 1, 1, 1.0, 1.0, 1.0]
[5, 1, 1, 1, 1.0, 1.0, 1.0]
[2, 1, 1, 1, 1.0, 1.0, 1.0]
[8, 1, 1, 1, 1.0, 1.0, 1.0]
[2, 1, 1, 1, 1.0, 1.0, 1.0]
[6, 1, 1, 1, 1.0, 1.0, 1.0]
[2, 1, 1, 1, 1.0, 1.0, 1.0]
[2, 1, 1, 1, 1.0, 1.0, 1.0]
[6, 1, 1, 1, 1.0, 1.0, 1.0]
[3, 1, 1, 1, 1.0, 1.0, 1.0]
[3, 1, 1, 1, 1.0, 1.0, 1.0]
[5, 1, 1, 1, 1.0, 1.0, 1.0]
[6, 0, 0, 1, 0, 0, 0.16666666666666666]
[3, 1, 1, 1, 1.0, 1.0, 1.0]
[5, 1, 1, 1, 1.0, 1.0, 1.0]
[5, 1, 1, 1, 1.0, 1.0, 1.0]
[3, 1, 1, 1, 1.0, 1.0, 1.0]
[2, 1, 1, 1, 1.0, 1.0, 1.0]
[1, 1, 1, 1, 1.0, 1.0, 1.0]
[6, 1, 1, 1, 1.0, 1.0, 1.0]
[6, 1, 1, 1, 1.0, 1.0, 1.0]
[6, 1, 1, 1, 1.0, 1.0, 1.0]
[6, 1, 1, 1, 1.0, 1.0, 1.0]
[6, 1, 1, 1, 1.0, 1.0, 1.0]
[7, 1, 1, 1, 1.0, 1.0, 1.0]
[3, 1, 1, 1, 1.0, 1.0, 1.0]
[6, 1, 1, 1, 1.0, 1.0, 1.0]
[5, 1, 1, 1, 1.0, 1.0, 1.0]
[2, 0, 1, 1, 0, 0.5, 0.5]
[1, 1, 1, 1, 1.0, 1.0, 1.0]
[2, 1, 1, 1, 1.0, 1.0, 1.0]
[2, 1, 1, 1, 1.0, 1.0, 1.0]
[2, 0, 1, 1, 0, 0.5, 0.5]
[1, 1, 1, 1, 1.0, 1.0, 1.0]
[2, 0, 1, 1, 0, 0.3333333333333333, 0.3333333333333333]
[3, 0, 1, 1, 0, 0.5, 0.5]
[2, 1, 1, 1, 1.0, 1.0, 1.0]
[2, 1, 1, 1, 1.0, 1.0, 1.0]
[3, 1, 1, 1, 1.0, 1.0, 1.0]
[6, 1, 1, 1, 1.0, 1.0, 1.0]
[5, 1, 1, 1, 1.0, 1.0, 1.0]
[6, 1, 1, 1, 1.0, 1.0, 1.0]
[5, 1, 1, 1, 1.0, 1.0, 1.0]
[6, 1, 1, 1, 1.0, 1.0, 1.0]
[3, 1, 1, 1, 1.0, 1.0, 1.0]
[9, 1, 1, 1, 1.0, 1.0, 1.0]
[8, 1, 1, 1, 1.0, 1.0, 1.0]
[6, 0, 1, 1, 0, 0.5, 0.5]
[5, 1, 1, 1, 1.0, 1.0, 1.0]
[8, 1, 1, 1, 1.0, 1.0, 1.0]
[7, 1, 1, 1, 1.0, 1.0, 1.0]
[2, 0, 1, 1, 0, 0.3333333333333333, 0.3333333333333333]
[2, 1, 1, 1, 1.0, 1.0, 1.0]
[3, 1, 1, 1, 1.0, 1.0, 1.0]
[2, 1, 1, 1, 1.0, 1.0, 1.0]
[1, 1, 1, 1, 1.0, 1.0, 1.0]
[7, 1, 1, 1, 1.0, 1.0, 1.0]
[1, 0, 0, 1, 0, 0, 0.125]
[6, 1, 1, 1, 1.0, 1.0, 1.0]
[6, 1, 1, 1, 1.0, 1.0, 1.0]
[6, 1, 1, 1, 1.0, 1.0, 1.0]
[1, 1, 1, 1, 1.0, 1.0, 1.0]
[2, 1, 1, 1, 1.0, 1.0, 1.0]
[5, 1, 1, 1, 1.0, 1.0, 1.0]
[2, 1, 1, 1, 1.0, 1.0, 1.0]
[8, 1, 1, 1, 1.0, 1.0, 1.0]
[6, 1, 1, 1, 1.0, 1.0, 1.0]
[6, 1, 1, 1, 1.0, 1.0, 1.0]
[8, 1, 1, 1, 1.0, 1.0, 1.0]
[8, 1, 1, 1, 1.0, 1.0, 1.0]
[8, 1, 1, 1, 1.0, 1.0, 1.0]
[8, 1, 1, 1, 1.0, 1.0, 1.0]
[3, 1, 1, 1, 1.0, 1.0, 1.0]
[7, 1, 1, 1, 1.0, 1.0, 1.0]
[2, 0, 1, 1, 0, 0.5, 0.5]
[2, 1, 1, 1, 1.0, 1.0, 1.0]
[6, 1, 1, 1, 1.0, 1.0, 1.0]
[2, 1, 1, 1, 1.0, 1.0, 1.0]
[1, 1, 1, 1, 1.0, 1.0, 1.0]
[2, 1, 1, 1, 1.0, 1.0, 1.0]
[2, 1, 1, 1, 1.0, 1.0, 1.0]
[7, 1, 1, 1, 1.0, 1.0, 1.0]
[6, 1, 1, 1, 1.0, 1.0, 1.0]
[4, 1, 1, 1, 1.0, 1.0, 1.0]
[8, 1, 1, 1, 1.0, 1.0, 1.0]
[7, 1, 1, 1, 1.0, 1.0, 1.0]
[6, 1, 1, 1, 1.0, 1.0, 1.0]
[6, 1, 1, 1, 1.0, 1.0, 1.0]
[6, 0, 1, 1, 0, 0.5, 0.5]
[6, 1, 1, 1, 1.0, 1.0, 1.0]
[2, 0, 0, 1, 0, 0, 0.1]
[6, 1, 1, 1, 1.0, 1.0, 1.0]
[9, 1, 1, 1, 1.0, 1.0, 1.0]
[2, 1, 1, 1, 1.0, 1.0, 1.0]
[2, 1, 1, 1, 1.0, 1.0, 1.0]
[2, 0, 1, 1, 0, 0.2, 0.2]
[6, 1, 1, 1, 1.0, 1.0, 1.0]
[6, 1, 1, 1, 1.0, 1.0, 1.0]
[2, 1, 1, 1, 1.0, 1.0, 1.0]
[6, 0, 1, 1, 0, 0.3333333333333333, 0.3333333333333333]
[7, 1, 1, 1, 1.0, 1.0, 1.0]
[7, 1, 1, 1, 1.0, 1.0, 1.0]
[7, 1, 1, 1, 1.0, 1.0, 1.0]
[2, 1, 1, 1, 1.0, 1.0, 1.0]
[3, 1, 1, 1, 1.0, 1.0, 1.0]
[3, 1, 1, 1, 1.0, 1.0, 1.0]
[2, 1, 1, 1, 1.0, 1.0, 1.0]
[7, 1, 1, 1, 1.0, 1.0, 1.0]
[3, 1, 1, 1, 1.0, 1.0, 1.0]
[7, 1, 1, 1, 1.0, 1.0, 1.0]
[3, 1, 1, 1, 1.0, 1.0, 1.0]
[6, 1, 1, 1, 1.0, 1.0, 1.0]
[2, 1, 1, 1, 1.0, 1.0, 1.0]
[6, 0, 1, 1, 0, 0.3333333333333333, 0.3333333333333333]
[2, 1, 1, 1, 1.0, 1.0, 1.0]
[2, 1, 1, 1, 1.0, 1.0, 1.0]
[3, 1, 1, 1, 1.0, 1.0, 1.0]
[6, 1, 1, 1, 1.0, 1.0, 1.0]
[3, 1, 1, 1, 1.0, 1.0, 1.0]
[4, 1, 1, 1, 1.0, 1.0, 1.0]
[3, 1, 1, 1, 1.0, 1.0, 1.0]
[6, 1, 1, 1, 1.0, 1.0, 1.0]
[2, 0, 1, 1, 0, 0.5, 0.5]
[2, 1, 1, 1, 1.0, 1.0, 1.0]
[7, 1, 1, 1, 1.0, 1.0, 1.0]
[4, 1, 1, 1, 1.0, 1.0, 1.0]
[1, 1, 1, 1, 1.0, 1.0, 1.0]
[4, 1, 1, 1, 1.0, 1.0, 1.0]
[6, 0, 1, 1, 0, 0.5, 0.5]
[1, 1, 1, 1, 1.0, 1.0, 1.0]
[3, 1, 1, 1, 1.0, 1.0, 1.0]
[4, 1, 1, 1, 1.0, 1.0, 1.0]
[2, 1, 1, 1, 1.0, 1.0, 1.0]
[4, 1, 1, 1, 1.0, 1.0, 1.0]
[2, 1, 1, 1, 1.0, 1.0, 1.0]
[5, 1, 1, 1, 1.0, 1.0, 1.0]
[2, 1, 1, 1, 1.0, 1.0, 1.0]
[2, 1, 1, 1, 1.0, 1.0, 1.0]
[8, 0, 1, 1, 0, 0.2, 0.2]
[2, 1, 1, 1, 1.0, 1.0, 1.0]
[1, 1, 1, 1, 1.0, 1.0, 1.0]
[2, 1, 1, 1, 1.0, 1.0, 1.0]
[6, 1, 1, 1, 1.0, 1.0, 1.0]
[2, 1, 1, 1, 1.0, 1.0, 1.0]
[3, 1, 1, 1, 1.0, 1.0, 1.0]
[2, 1, 1, 1, 1.0, 1.0, 1.0]
[4, 1, 1, 1, 1.0, 1.0, 1.0]
[4, 1, 1, 1, 1.0, 1.0, 1.0]
[3, 1, 1, 1, 1.0, 1.0, 1.0]
[4, 1, 1, 1, 1.0, 1.0, 1.0]
[4, 1, 1, 1, 1.0, 1.0, 1.0]
[4, 1, 1, 1, 1.0, 1.0, 1.0]
[6, 1, 1, 1, 1.0, 1.0, 1.0]
[6, 1, 1, 1, 1.0, 1.0, 1.0]
[3, 0, 0, 1, 0, 0, 0.14285714285714285]
[3, 1, 1, 1, 1.0, 1.0, 1.0]
[5, 1, 1, 1, 1.0, 1.0, 1.0]
[6, 0, 1, 1, 0, 0.5, 0.5]
[8, 1, 1, 1, 1.0, 1.0, 1.0]
[6, 1, 1, 1, 1.0, 1.0, 1.0]
[3, 1, 1, 1, 1.0, 1.0, 1.0]
[6, 1, 1, 1, 1.0, 1.0, 1.0]
[6, 1, 1, 1, 1.0, 1.0, 1.0]
[2, 1, 1, 1, 1.0, 1.0, 1.0]
[2, 0, 1, 1, 0, 0.2, 0.2]
[2, 1, 1, 1, 1.0, 1.0, 1.0]
[1, 1, 1, 1, 1.0, 1.0, 1.0]
[1, 1, 1, 1, 1.0, 1.0, 1.0]
[2, 0, 1, 1, 0, 0.25, 0.25]
[2, 1, 1, 1, 1.0, 1.0, 1.0]
[3, 1, 1, 1, 1.0, 1.0, 1.0]
[2, 1, 1, 1, 1.0, 1.0, 1.0]
[1, 1, 1, 1, 1.0, 1.0, 1.0]
[4, 1, 1, 1, 1.0, 1.0, 1.0]
[2, 1, 1, 1, 1.0, 1.0, 1.0]
[4, 1, 1, 1, 1.0, 1.0, 1.0]
[6, 1, 1, 1, 1.0, 1.0, 1.0]
[1, 1, 1, 1, 1.0, 1.0, 1.0]
[3, 1, 1, 1, 1.0, 1.0, 1.0]
[2, 0, 1, 1, 0, 0.25, 0.25]
[3, 1, 1, 1, 1.0, 1.0, 1.0]
[1, 1, 1, 1, 1.0, 1.0, 1.0]
[2, 1, 1, 1, 1.0, 1.0, 1.0]
[7, 1, 1, 1, 1.0, 1.0, 1.0]
[1, 1, 1, 1, 1.0, 1.0, 1.0]
[2, 1, 1, 1, 1.0, 1.0, 1.0]
[2, 1, 1, 1, 1.0, 1.0, 1.0]
[8, 1, 1, 1, 1.0, 1.0, 1.0]
[3, 0, 0, 1, 0, 0, 0.1]
[9, 0, 0, 1, 0, 0, 0.1111111111111111]
[2, 1, 1, 1, 1.0, 1.0, 1.0]
[6, 0, 1, 1, 0, 0.5, 0.5]
[2, 1, 1, 1, 1.0, 1.0, 1.0]
[3, 1, 1, 1, 1.0, 1.0, 1.0]
[2, 1, 1, 1, 1.0, 1.0, 1.0]
[8, 0, 1, 1, 0, 0.2, 0.2]
[6, 1, 1, 1, 1.0, 1.0, 1.0]
[3, 1, 1, 1, 1.0, 1.0, 1.0]
[2, 1, 1, 1, 1.0, 1.0, 1.0]
[4, 1, 1, 1, 1.0, 1.0, 1.0]
[4, 1, 1, 1, 1.0, 1.0, 1.0]
[3, 1, 1, 1, 1.0, 1.0, 1.0]
[2, 0, 1, 1, 0, 0.5, 0.5]
[2, 0, 1, 1, 0, 0.3333333333333333, 0.3333333333333333]
[2, 0, 1, 1, 0, 0.3333333333333333, 0.3333333333333333]
[3, 1, 1, 1, 1.0, 1.0, 1.0]
[8, 0, 0, 1, 0, 0, 0.1111111111111111]
[2, 1, 1, 1, 1.0, 1.0, 1.0]
[1, 1, 1, 1, 1.0, 1.0, 1.0]
[2, 1, 1, 1, 1.0, 1.0, 1.0]
[7, 1, 1, 1, 1.0, 1.0, 1.0]
[7, 1, 1, 1, 1.0, 1.0, 1.0]
[3, 1, 1, 1, 1.0, 1.0, 1.0]
[1, 1, 1, 1, 1.0, 1.0, 1.0]
[2, 1, 1, 1, 1.0, 1.0, 1.0]
[8, 1, 1, 1, 1.0, 1.0, 1.0]
[3, 1, 1, 1, 1.0, 1.0, 1.0]
[2, 1, 1, 1, 1.0, 1.0, 1.0]
[5, 1, 1, 1, 1.0, 1.0, 1.0]
[1, 1, 1, 1, 1.0, 1.0, 1.0]
[2, 1, 1, 1, 1.0, 1.0, 1.0]
[7, 1, 1, 1, 1.0, 1.0, 1.0]
[2, 1, 1, 1, 1.0, 1.0, 1.0]
[2, 1, 1, 1, 1.0, 1.0, 1.0]
[2, 1, 1, 1, 1.0, 1.0, 1.0]
[2, 1, 1, 1, 1.0, 1.0, 1.0]
[1, 1, 1, 1, 1.0, 1.0, 1.0]
[2, 1, 1, 1, 1.0, 1.0, 1.0]
[2, 1, 1, 1, 1.0, 1.0, 1.0]
[6, 0, 1, 1, 0, 0.2, 0.2]
[4, 1, 1, 1, 1.0, 1.0, 1.0]
[3, 1, 1, 1, 1.0, 1.0, 1.0]
[2, 1, 1, 1, 1.0, 1.0, 1.0]
[2, 1, 1, 1, 1.0, 1.0, 1.0]
[5, 1, 1, 1, 1.0, 1.0, 1.0]
[3, 1, 1, 1, 1.0, 1.0, 1.0]
[6, 1, 1, 1, 1.0, 1.0, 1.0]
[2, 1, 1, 1, 1.0, 1.0, 1.0]
[2, 1, 1, 1, 1.0, 1.0, 1.0]
[9, 1, 1, 1, 1.0, 1.0, 1.0]
[2, 0, 1, 1, 0, 0.2, 0.2]
[3, 1, 1, 1, 1.0, 1.0, 1.0]
[3, 1, 1, 1, 1.0, 1.0, 1.0]
[6, 1, 1, 1, 1.0, 1.0, 1.0]
[2, 1, 1, 1, 1.0, 1.0, 1.0]
[3, 1, 1, 1, 1.0, 1.0, 1.0]
[6, 0, 1, 1, 0, 0.2, 0.2]
[7, 1, 1, 1, 1.0, 1.0, 1.0]
[2, 1, 1, 1, 1.0, 1.0, 1.0]
[8, 1, 1, 1, 1.0, 1.0, 1.0]
[6, 1, 1, 1, 1.0, 1.0, 1.0]
[3, 1, 1, 1, 1.0, 1.0, 1.0]
[9, 0, 1, 1, 0, 0.2, 0.2]
[2, 1, 1, 1, 1.0, 1.0, 1.0]
[1, 1, 1, 1, 1.0, 1.0, 1.0]
[4, 1, 1, 1, 1.0, 1.0, 1.0]
[7, 0, 1, 1, 0, 0.25, 0.25]
[6, 1, 1, 1, 1.0, 1.0, 1.0]
[6, 1, 1, 1, 1.0, 1.0, 1.0]
[2, 1, 1, 1, 1.0, 1.0, 1.0]
[2, 1, 1, 1, 1.0, 1.0, 1.0]
[4, 1, 1, 1, 1.0, 1.0, 1.0]
[2, 1, 1, 1, 1.0, 1.0, 1.0]
[6, 0, 1, 1, 0, 0.3333333333333333, 0.3333333333333333]
[5, 1, 1, 1, 1.0, 1.0, 1.0]
[8, 0, 0, 1, 0, 0, 0.14285714285714285]
[3, 1, 1, 1, 1.0, 1.0, 1.0]
[8, 1, 1, 1, 1.0, 1.0, 1.0]
[6, 1, 1, 1, 1.0, 1.0, 1.0]
[1, 1, 1, 1, 1.0, 1.0, 1.0]
[6, 1, 1, 1, 1.0, 1.0, 1.0]
[5, 1, 1, 1, 1.0, 1.0, 1.0]
[2, 1, 1, 1, 1.0, 1.0, 1.0]
[8, 0, 1, 1, 0, 0.25, 0.25]
[8, 1, 1, 1, 1.0, 1.0, 1.0]
[7, 1, 1, 1, 1.0, 1.0, 1.0]
[7, 1, 1, 1, 1.0, 1.0, 1.0]
[2, 1, 1, 1, 1.0, 1.0, 1.0]
[5, 1, 1, 1, 1.0, 1.0, 1.0]
[4, 1, 1, 1, 1.0, 1.0, 1.0]
[6, 0, 1, 1, 0, 0.5, 0.5]
[1, 1, 1, 1, 1.0, 1.0, 1.0]
[2, 1, 1, 1, 1.0, 1.0, 1.0]
[4, 1, 1, 1, 1.0, 1.0, 1.0]
[2, 0, 0, 1, 0, 0, 0.14285714285714285]
[4, 1, 1, 1, 1.0, 1.0, 1.0]
[1, 1, 1, 1, 1.0, 1.0, 1.0]
[2, 1, 1, 1, 1.0, 1.0, 1.0]
[5, 1, 1, 1, 1.0, 1.0, 1.0]
[6, 1, 1, 1, 1.0, 1.0, 1.0]
[7, 1, 1, 1, 1.0, 1.0, 1.0]
[3, 1, 1, 1, 1.0, 1.0, 1.0]
[4, 1, 1, 1, 1.0, 1.0, 1.0]
[6, 0, 1, 1, 0, 0.5, 0.5]
[4, 1, 1, 1, 1.0, 1.0, 1.0]
[2, 1, 1, 1, 1.0, 1.0, 1.0]
[2, 1, 1, 1, 1.0, 1.0, 1.0]
[7, 1, 1, 1, 1.0, 1.0, 1.0]
[5, 1, 1, 1, 1.0, 1.0, 1.0]
[2, 1, 1, 1, 1.0, 1.0, 1.0]
[8, 1, 1, 1, 1.0, 1.0, 1.0]
[6, 1, 1, 1, 1.0, 1.0, 1.0]
[2, 1, 1, 1, 1.0, 1.0, 1.0]
[9, 0, 0, 1, 0, 0, 0.16666666666666666]
[6, 1, 1, 1, 1.0, 1.0, 1.0]
[2, 1, 1, 1, 1.0, 1.0, 1.0]
[2, 1, 1, 1, 1.0, 1.0, 1.0]
[8, 0, 1, 1, 0, 0.25, 0.25]
[6, 1, 1, 1, 1.0, 1.0, 1.0]
[6, 1, 1, 1, 1.0, 1.0, 1.0]
[6, 1, 1, 1, 1.0, 1.0, 1.0]
[6, 1, 1, 1, 1.0, 1.0, 1.0]
[6, 1, 1, 1, 1.0, 1.0, 1.0]
[6, 0, 1, 1, 0, 0.5, 0.5]
[1, 1, 1, 1, 1.0, 1.0, 1.0]
[6, 1, 1, 1, 1.0, 1.0, 1.0]
[7, 1, 1, 1, 1.0, 1.0, 1.0]
[6, 1, 1, 1, 1.0, 1.0, 1.0]
[3, 1, 1, 1, 1.0, 1.0, 1.0]
[6, 1, 1, 1, 1.0, 1.0, 1.0]
[2, 1, 1, 1, 1.0, 1.0, 1.0]
[6, 1, 1, 1, 1.0, 1.0, 1.0]
[8, 0, 0, 1, 0, 0, 0.125]
[3, 1, 1, 1, 1.0, 1.0, 1.0]
[7, 1, 1, 1, 1.0, 1.0, 1.0]
[9, 1, 1, 1, 1.0, 1.0, 1.0]
[6, 0, 1, 1, 0, 0.3333333333333333, 0.3333333333333333]
[2, 1, 1, 1, 1.0, 1.0, 1.0]
[2, 1, 1, 1, 1.0, 1.0, 1.0]
[2, 1, 1, 1, 1.0, 1.0, 1.0]
[2, 1, 1, 1, 1.0, 1.0, 1.0]
[7, 1, 1, 1, 1.0, 1.0, 1.0]
[2, 1, 1, 1, 1.0, 1.0, 1.0]
[4, 1, 1, 1, 1.0, 1.0, 1.0]
[2, 1, 1, 1, 1.0, 1.0, 1.0]
[3, 1, 1, 1, 1.0, 1.0, 1.0]
[3, 1, 1, 1, 1.0, 1.0, 1.0]
[3, 1, 1, 1, 1.0, 1.0, 1.0]
[3, 1, 1, 1, 1.0, 1.0, 1.0]
[2, 1, 1, 1, 1.0, 1.0, 1.0]
[6, 0, 1, 1, 0, 0.5, 0.5]
[1, 1, 1, 1, 1.0, 1.0, 1.0]
[3, 1, 1, 1, 1.0, 1.0, 1.0]
[7, 1, 1, 1, 1.0, 1.0, 1.0]
[6, 1, 1, 1, 1.0, 1.0, 1.0]
[2, 0, 0, 1, 0, 0, 0.16666666666666666]
[2, 1, 1, 1, 1.0, 1.0, 1.0]
[4, 1, 1, 1, 1.0, 1.0, 1.0]
[2, 1, 1, 1, 1.0, 1.0, 1.0]
[6, 1, 1, 1, 1.0, 1.0, 1.0]
[6, 1, 1, 1, 1.0, 1.0, 1.0]
[6, 1, 1, 1, 1.0, 1.0, 1.0]
[6, 1, 1, 1, 1.0, 1.0, 1.0]
[5, 1, 1, 1, 1.0, 1.0, 1.0]
[2, 1, 1, 1, 1.0, 1.0, 1.0]
[4, 1, 1, 1, 1.0, 1.0, 1.0]
[2, 1, 1, 1, 1.0, 1.0, 1.0]
[2, 1, 1, 1, 1.0, 1.0, 1.0]
[3, 1, 1, 1, 1.0, 1.0, 1.0]
[6, 1, 1, 1, 1.0, 1.0, 1.0]
[3, 1, 1, 1, 1.0, 1.0, 1.0]
[7, 1, 1, 1, 1.0, 1.0, 1.0]
[3, 1, 1, 1, 1.0, 1.0, 1.0]
[2, 1, 1, 1, 1.0, 1.0, 1.0]
[2, 1, 1, 1, 1.0, 1.0, 1.0]
[6, 1, 1, 1, 1.0, 1.0, 1.0]
[2, 1, 1, 1, 1.0, 1.0, 1.0]
[2, 1, 1, 1, 1.0, 1.0, 1.0]
[9, 1, 1, 1, 1.0, 1.0, 1.0]
[2, 0, 1, 1, 0, 0.5, 0.5]
[1, 0, 1, 1, 0, 0.5, 0.5]
[2, 1, 1, 1, 1.0, 1.0, 1.0]
[1, 0, 1, 1, 0, 0.5, 0.5]
[6, 1, 1, 1, 1.0, 1.0, 1.0]
[8, 0, 1, 1, 0, 0.2, 0.2]
[6, 1, 1, 1, 1.0, 1.0, 1.0]
[2, 0, 1, 1, 0, 0.3333333333333333, 0.3333333333333333]
[4, 1, 1, 1, 1.0, 1.0, 1.0]
[6, 1, 1, 1, 1.0, 1.0, 1.0]
[3, 1, 1, 1, 1.0, 1.0, 1.0]
[4, 1, 1, 1, 1.0, 1.0, 1.0]
[4, 1, 1, 1, 1.0, 1.0, 1.0]
[6, 1, 1, 1, 1.0, 1.0, 1.0]
[1, 1, 1, 1, 1.0, 1.0, 1.0]
[6, 1, 1, 1, 1.0, 1.0, 1.0]
[1, 0, 1, 1, 0, 0.3333333333333333, 0.3333333333333333]
[7, 1, 1, 1, 1.0, 1.0, 1.0]
[2, 1, 1, 1, 1.0, 1.0, 1.0]
[6, 1, 1, 1, 1.0, 1.0, 1.0]
[1, 1, 1, 1, 1.0, 1.0, 1.0]
[7, 1, 1, 1, 1.0, 1.0, 1.0]
[7, 1, 1, 1, 1.0, 1.0, 1.0]
[2, 1, 1, 1, 1.0, 1.0, 1.0]
[2, 0, 1, 1, 0, 0.5, 0.5]
[1, 1, 1, 1, 1.0, 1.0, 1.0]
[3, 1, 1, 1, 1.0, 1.0, 1.0]
[2, 1, 1, 1, 1.0, 1.0, 1.0]
[4, 1, 1, 1, 1.0, 1.0, 1.0]
[2, 1, 1, 1, 1.0, 1.0, 1.0]
[6, 0, 1, 1, 0, 0.5, 0.5]
[6, 1, 1, 1, 1.0, 1.0, 1.0]
[4, 1, 1, 1, 1.0, 1.0, 1.0]
[4, 1, 1, 1, 1.0, 1.0, 1.0]
[3, 1, 1, 1, 1.0, 1.0, 1.0]
[4, 1, 1, 1, 1.0, 1.0, 1.0]
[6, 1, 1, 1, 1.0, 1.0, 1.0]
[2, 0, 1, 1, 0, 0.25, 0.25]
[5, 1, 1, 1, 1.0, 1.0, 1.0]
[6, 1, 1, 1, 1.0, 1.0, 1.0]
[6, 1, 1, 1, 1.0, 1.0, 1.0]
[2, 1, 1, 1, 1.0, 1.0, 1.0]
[2, 0, 1, 1, 0, 0.5, 0.5]
[2, 0, 1, 1, 0, 0.5, 0.5]
[2, 1, 1, 1, 1.0, 1.0, 1.0]
[1, 0, 1, 1, 0, 0.5, 0.5]
[1, 1, 1, 1, 1.0, 1.0, 1.0]
[8, 1, 1, 1, 1.0, 1.0, 1.0]
[2, 1, 1, 1, 1.0, 1.0, 1.0]
[3, 1, 1, 1, 1.0, 1.0, 1.0]
[2, 0, 1, 1, 0, 0.5, 0.5]
[2, 0, 1, 1, 0, 0.5, 0.5]
[6, 0, 1, 1, 0, 0.2, 0.2]
[6, 0, 1, 1, 0, 0.25, 0.25]
[4, 0, 0, 1, 0, 0, 0.125]
[8, 0, 1, 1, 0, 0.5, 0.5]
[2, 1, 1, 1, 1.0, 1.0, 1.0]
[2, 1, 1, 1, 1.0, 1.0, 1.0]
[8, 1, 1, 1, 1.0, 1.0, 1.0]
[6, 1, 1, 1, 1.0, 1.0, 1.0]
[5, 1, 1, 1, 1.0, 1.0, 1.0]
[3, 1, 1, 1, 1.0, 1.0, 1.0]
[6, 0, 1, 1, 0, 0.25, 0.25]
[2, 1, 1, 1, 1.0, 1.0, 1.0]
[6, 1, 1, 1, 1.0, 1.0, 1.0]
[6, 1, 1, 1, 1.0, 1.0, 1.0]
[2, 1, 1, 1, 1.0, 1.0, 1.0]
[2, 1, 1, 1, 1.0, 1.0, 1.0]
[2, 1, 1, 1, 1.0, 1.0, 1.0]
[2, 0, 1, 1, 0, 0.2, 0.2]
[3, 0, 1, 1, 0, 0.2, 0.2]
[6, 1, 1, 1, 1.0, 1.0, 1.0]
[3, 1, 1, 1, 1.0, 1.0, 1.0]
[6, 1, 1, 1, 1.0, 1.0, 1.0]
[6, 1, 1, 1, 1.0, 1.0, 1.0]
[2, 1, 1, 1, 1.0, 1.0, 1.0]
[2, 1, 1, 1, 1.0, 1.0, 1.0]
[2, 1, 1, 1, 1.0, 1.0, 1.0]
[6, 1, 1, 1, 1.0, 1.0, 1.0]
[4, 1, 1, 1, 1.0, 1.0, 1.0]
[2, 0, 1, 1, 0, 0.3333333333333333, 0.3333333333333333]
[4, 1, 1, 1, 1.0, 1.0, 1.0]
[4, 1, 1, 1, 1.0, 1.0, 1.0]
[6, 1, 1, 1, 1.0, 1.0, 1.0]
[4, 1, 1, 1, 1.0, 1.0, 1.0]
[1, 1, 1, 1, 1.0, 1.0, 1.0]
[3, 1, 1, 1, 1.0, 1.0, 1.0]
[1, 1, 1, 1, 1.0, 1.0, 1.0]
[1, 1, 1, 1, 1.0, 1.0, 1.0]
[2, 1, 1, 1, 1.0, 1.0, 1.0]
[8, 1, 1, 1, 1.0, 1.0, 1.0]
[6, 1, 1, 1, 1.0, 1.0, 1.0]
[6, 1, 1, 1, 1.0, 1.0, 1.0]
[6, 0, 1, 1, 0, 0.5, 0.5]
[6, 0, 1, 1, 0, 0.5, 0.5]
[1, 1, 1, 1, 1.0, 1.0, 1.0]
[7, 0, 1, 1, 0, 0.3333333333333333, 0.3333333333333333]
[7, 1, 1, 1, 1.0, 1.0, 1.0]
[2, 1, 1, 1, 1.0, 1.0, 1.0]
[4, 1, 1, 1, 1.0, 1.0, 1.0]
[2, 1, 1, 1, 1.0, 1.0, 1.0]
[6, 1, 1, 1, 1.0, 1.0, 1.0]
[8, 1, 1, 1, 1.0, 1.0, 1.0]
[8, 0, 1, 1, 0, 0.2, 0.2]
[5, 1, 1, 1, 1.0, 1.0, 1.0]
[6, 1, 1, 1, 1.0, 1.0, 1.0]
[2, 1, 1, 1, 1.0, 1.0, 1.0]
[6, 0, 1, 1, 0, 0.5, 0.5]
[2, 1, 1, 1, 1.0, 1.0, 1.0]
[6, 1, 1, 1, 1.0, 1.0, 1.0]
[6, 1, 1, 1, 1.0, 1.0, 1.0]
[1, 1, 1, 1, 1.0, 1.0, 1.0]
[4, 1, 1, 1, 1.0, 1.0, 1.0]
[2, 1, 1, 1, 1.0, 1.0, 1.0]
[4, 1, 1, 1, 1.0, 1.0, 1.0]
[2, 1, 1, 1, 1.0, 1.0, 1.0]
[3, 1, 1, 1, 1.0, 1.0, 1.0]
[2, 1, 1, 1, 1.0, 1.0, 1.0]
[6, 1, 1, 1, 1.0, 1.0, 1.0]
[6, 1, 1, 1, 1.0, 1.0, 1.0]
[2, 1, 1, 1, 1.0, 1.0, 1.0]
[6, 1, 1, 1, 1.0, 1.0, 1.0]
[4, 1, 1, 1, 1.0, 1.0, 1.0]
[6, 1, 1, 1, 1.0, 1.0, 1.0]
[2, 0, 1, 1, 0, 0.25, 0.25]
[3, 1, 1, 1, 1.0, 1.0, 1.0]
[3, 1, 1, 1, 1.0, 1.0, 1.0]
[2, 1, 1, 1, 1.0, 1.0, 1.0]
[7, 1, 1, 1, 1.0, 1.0, 1.0]
[1, 1, 1, 1, 1.0, 1.0, 1.0]
[8, 1, 1, 1, 1.0, 1.0, 1.0]
[3, 1, 1, 1, 1.0, 1.0, 1.0]
[6, 1, 1, 1, 1.0, 1.0, 1.0]
[2, 1, 1, 1, 1.0, 1.0, 1.0]
[1, 1, 1, 1, 1.0, 1.0, 1.0]
[3, 1, 1, 1, 1.0, 1.0, 1.0]
[1, 1, 1, 1, 1.0, 1.0, 1.0]
[2, 0, 1, 1, 0, 0.5, 0.5]
[6, 1, 1, 1, 1.0, 1.0, 1.0]
[2, 1, 1, 1, 1.0, 1.0, 1.0]
[6, 1, 1, 1, 1.0, 1.0, 1.0]
[2, 1, 1, 1, 1.0, 1.0, 1.0]
[3, 1, 1, 1, 1.0, 1.0, 1.0]
[1, 0, 1, 1, 0, 0.3333333333333333, 0.3333333333333333]
[3, 1, 1, 1, 1.0, 1.0, 1.0]
[7, 1, 1, 1, 1.0, 1.0, 1.0]
[2, 1, 1, 1, 1.0, 1.0, 1.0]
[2, 0, 1, 1, 0, 0.2, 0.2]
[6, 0, 1, 1, 0, 0.5, 0.5]
[6, 1, 1, 1, 1.0, 1.0, 1.0]
[6, 1, 1, 1, 1.0, 1.0, 1.0]
[2, 0, 1, 1, 0, 0.3333333333333333, 0.3333333333333333]
[6, 1, 1, 1, 1.0, 1.0, 1.0]
[3, 1, 1, 1, 1.0, 1.0, 1.0]
[6, 1, 1, 1, 1.0, 1.0, 1.0]
[8, 1, 1, 1, 1.0, 1.0, 1.0]
[2, 0, 1, 1, 0, 0.25, 0.25]
[6, 1, 1, 1, 1.0, 1.0, 1.0]
[4, 1, 1, 1, 1.0, 1.0, 1.0]
[7, 1, 1, 1, 1.0, 1.0, 1.0]
[7, 1, 1, 1, 1.0, 1.0, 1.0]
[6, 1, 1, 1, 1.0, 1.0, 1.0]
[3, 1, 1, 1, 1.0, 1.0, 1.0]
[4, 1, 1, 1, 1.0, 1.0, 1.0]
[6, 1, 1, 1, 1.0, 1.0, 1.0]
[2, 1, 1, 1, 1.0, 1.0, 1.0]
[6, 1, 1, 1, 1.0, 1.0, 1.0]
[6, 1, 1, 1, 1.0, 1.0, 1.0]
[6, 1, 1, 1, 1.0, 1.0, 1.0]
[3, 1, 1, 1, 1.0, 1.0, 1.0]
[2, 1, 1, 1, 1.0, 1.0, 1.0]
[6, 0, 1, 1, 0, 0.5, 0.5]
[1, 1, 1, 1, 1.0, 1.0, 1.0]
[6, 1, 1, 1, 1.0, 1.0, 1.0]
[2, 1, 1, 1, 1.0, 1.0, 1.0]
[4, 1, 1, 1, 1.0, 1.0, 1.0]
[1, 1, 1, 1, 1.0, 1.0, 1.0]
[2, 1, 1, 1, 1.0, 1.0, 1.0]
[4, 1, 1, 1, 1.0, 1.0, 1.0]
[3, 1, 1, 1, 1.0, 1.0, 1.0]
[6, 1, 1, 1, 1.0, 1.0, 1.0]
[1, 1, 1, 1, 1.0, 1.0, 1.0]
[6, 1, 1, 1, 1.0, 1.0, 1.0]
[6, 1, 1, 1, 1.0, 1.0, 1.0]
[2, 1, 1, 1, 1.0, 1.0, 1.0]
[1, 1, 1, 1, 1.0, 1.0, 1.0]
[2, 1, 1, 1, 1.0, 1.0, 1.0]
[6, 1, 1, 1, 1.0, 1.0, 1.0]
[2, 1, 1, 1, 1.0, 1.0, 1.0]
[3, 1, 1, 1, 1.0, 1.0, 1.0]
[2, 1, 1, 1, 1.0, 1.0, 1.0]
[2, 0, 1, 1, 0, 0.3333333333333333, 0.3333333333333333]
[2, 0, 1, 1, 0, 0.3333333333333333, 0.3333333333333333]
[6, 1, 1, 1, 1.0, 1.0, 1.0]
[2, 1, 1, 1, 1.0, 1.0, 1.0]
[2, 1, 1, 1, 1.0, 1.0, 1.0]
[6, 1, 1, 1, 1.0, 1.0, 1.0]
[2, 1, 1, 1, 1.0, 1.0, 1.0]
[7, 1, 1, 1, 1.0, 1.0, 1.0]
[6, 1, 1, 1, 1.0, 1.0, 1.0]
[2, 0, 1, 1, 0, 0.25, 0.25]
[7, 1, 1, 1, 1.0, 1.0, 1.0]
[2, 0, 1, 1, 0, 0.5, 0.5]
[6, 1, 1, 1, 1.0, 1.0, 1.0]
[2, 1, 1, 1, 1.0, 1.0, 1.0]
[6, 1, 1, 1, 1.0, 1.0, 1.0]
[2, 1, 1, 1, 1.0, 1.0, 1.0]
[2, 1, 1, 1, 1.0, 1.0, 1.0]
[7, 1, 1, 1, 1.0, 1.0, 1.0]
[6, 1, 1, 1, 1.0, 1.0, 1.0]
[3, 1, 1, 1, 1.0, 1.0, 1.0]
[2, 0, 1, 1, 0, 0.5, 0.5]
[6, 1, 1, 1, 1.0, 1.0, 1.0]
[2, 1, 1, 1, 1.0, 1.0, 1.0]
[6, 1, 1, 1, 1.0, 1.0, 1.0]
[2, 1, 1, 1, 1.0, 1.0, 1.0]
[2, 0, 0, 1, 0, 0, 0.125]
[2, 1, 1, 1, 1.0, 1.0, 1.0]
[6, 1, 1, 1, 1.0, 1.0, 1.0]
[6, 0, 1, 1, 0, 0.25, 0.25]
[2, 1, 1, 1, 1.0, 1.0, 1.0]
[2, 0, 1, 1, 0, 0.25, 0.25]
[5, 1, 1, 1, 1.0, 1.0, 1.0]
[2, 1, 1, 1, 1.0, 1.0, 1.0]
[6, 1, 1, 1, 1.0, 1.0, 1.0]
[6, 1, 1, 1, 1.0, 1.0, 1.0]
[2, 1, 1, 1, 1.0, 1.0, 1.0]
[2, 0, 1, 1, 0, 0.5, 0.5]
[2, 1, 1, 1, 1.0, 1.0, 1.0]
[5, 1, 1, 1, 1.0, 1.0, 1.0]
[6, 1, 1, 1, 1.0, 1.0, 1.0]
[6, 1, 1, 1, 1.0, 1.0, 1.0]
[6, 1, 1, 1, 1.0, 1.0, 1.0]
[2, 1, 1, 1, 1.0, 1.0, 1.0]
[4, 1, 1, 1, 1.0, 1.0, 1.0]
[2, 1, 1, 1, 1.0, 1.0, 1.0]
[3, 1, 1, 1, 1.0, 1.0, 1.0]
[3, 0, 0, 1, 0, 0, 0.125]
[2, 1, 1, 1, 1.0, 1.0, 1.0]
[6, 1, 1, 1, 1.0, 1.0, 1.0]
[2, 1, 1, 1, 1.0, 1.0, 1.0]
[5, 1, 1, 1, 1.0, 1.0, 1.0]
[6, 1, 1, 1, 1.0, 1.0, 1.0]
[2, 1, 1, 1, 1.0, 1.0, 1.0]
[2, 1, 1, 1, 1.0, 1.0, 1.0]
[2, 1, 1, 1, 1.0, 1.0, 1.0]
[3, 1, 1, 1, 1.0, 1.0, 1.0]
[9, 1, 1, 1, 1.0, 1.0, 1.0]
[6, 1, 1, 1, 1.0, 1.0, 1.0]
[6, 1, 1, 1, 1.0, 1.0, 1.0]
[6, 1, 1, 1, 1.0, 1.0, 1.0]
[6, 1, 1, 1, 1.0, 1.0, 1.0]
[2, 1, 1, 1, 1.0, 1.0, 1.0]
[2, 1, 1, 1, 1.0, 1.0, 1.0]
[2, 1, 1, 1, 1.0, 1.0, 1.0]
[6, 1, 1, 1, 1.0, 1.0, 1.0]
[2, 1, 1, 1, 1.0, 1.0, 1.0]
[2, 1, 1, 1, 1.0, 1.0, 1.0]
[2, 1, 1, 1, 1.0, 1.0, 1.0]
[6, 1, 1, 1, 1.0, 1.0, 1.0]
[6, 1, 1, 1, 1.0, 1.0, 1.0]
[2, 1, 1, 1, 1.0, 1.0, 1.0]
[2, 1, 1, 1, 1.0, 1.0, 1.0]
[6, 1, 1, 1, 1.0, 1.0, 1.0]
[1, 1, 1, 1, 1.0, 1.0, 1.0]
[1, 1, 1, 1, 1.0, 1.0, 1.0]
[6, 0, 1, 1, 0, 0.2, 0.2]
[2, 0, 0, 1, 0, 0, 0.1111111111111111]
[6, 1, 1, 1, 1.0, 1.0, 1.0]
[6, 1, 1, 1, 1.0, 1.0, 1.0]
[3, 1, 1, 1, 1.0, 1.0, 1.0]
[9, 1, 1, 1, 1.0, 1.0, 1.0]
[3, 1, 1, 1, 1.0, 1.0, 1.0]
[6, 1, 1, 1, 1.0, 1.0, 1.0]
[3, 1, 1, 1, 1.0, 1.0, 1.0]
[6, 1, 1, 1, 1.0, 1.0, 1.0]
[2, 0, 1, 1, 0, 0.3333333333333333, 0.3333333333333333]
[9, 1, 1, 1, 1.0, 1.0, 1.0]
[1, 1, 1, 1, 1.0, 1.0, 1.0]
[7, 1, 1, 1, 1.0, 1.0, 1.0]
[3, 1, 1, 1, 1.0, 1.0, 1.0]
[6, 0, 1, 1, 0, 0.2, 0.2]
[6, 1, 1, 1, 1.0, 1.0, 1.0]
[1, 0, 1, 1, 0, 0.25, 0.25]
[3, 1, 1, 1, 1.0, 1.0, 1.0]
[6, 1, 1, 1, 1.0, 1.0, 1.0]
[6, 1, 1, 1, 1.0, 1.0, 1.0]
[4, 1, 1, 1, 1.0, 1.0, 1.0]
[6, 1, 1, 1, 1.0, 1.0, 1.0]
[6, 1, 1, 1, 1.0, 1.0, 1.0]
[3, 1, 1, 1, 1.0, 1.0, 1.0]
[1, 1, 1, 1, 1.0, 1.0, 1.0]
[6, 1, 1, 1, 1.0, 1.0, 1.0]
[1, 1, 1, 1, 1.0, 1.0, 1.0]
[7, 0, 0, 1, 0, 0, 0.14285714285714285]
[7, 1, 1, 1, 1.0, 1.0, 1.0]
[3, 1, 1, 1, 1.0, 1.0, 1.0]
[3, 1, 1, 1, 1.0, 1.0, 1.0]
[8, 1, 1, 1, 1.0, 1.0, 1.0]
[6, 1, 1, 1, 1.0, 1.0, 1.0]
[8, 1, 1, 1, 1.0, 1.0, 1.0]
[3, 1, 1, 1, 1.0, 1.0, 1.0]
[6, 1, 1, 1, 1.0, 1.0, 1.0]
[6, 1, 1, 1, 1.0, 1.0, 1.0]
[8, 1, 1, 1, 1.0, 1.0, 1.0]
[4, 1, 1, 1, 1.0, 1.0, 1.0]
[3, 1, 1, 1, 1.0, 1.0, 1.0]
[6, 1, 1, 1, 1.0, 1.0, 1.0]
[6, 1, 1, 1, 1.0, 1.0, 1.0]
[6, 1, 1, 1, 1.0, 1.0, 1.0]
[3, 1, 1, 1, 1.0, 1.0, 1.0]
[3, 1, 1, 1, 1.0, 1.0, 1.0]
[2, 1, 1, 1, 1.0, 1.0, 1.0]
[4, 1, 1, 1, 1.0, 1.0, 1.0]
[2, 1, 1, 1, 1.0, 1.0, 1.0]
[2, 1, 1, 1, 1.0, 1.0, 1.0]
[2, 0, 1, 1, 0, 0.25, 0.25]
[4, 1, 1, 1, 1.0, 1.0, 1.0]
[2, 1, 1, 1, 1.0, 1.0, 1.0]
[2, 1, 1, 1, 1.0, 1.0, 1.0]
[8, 0, 0, 1, 0, 0, 0.1111111111111111]
[6, 1, 1, 1, 1.0, 1.0, 1.0]
[2, 1, 1, 1, 1.0, 1.0, 1.0]
[1, 1, 1, 1, 1.0, 1.0, 1.0]
[2, 0, 1, 1, 0, 0.3333333333333333, 0.3333333333333333]
[4, 1, 1, 1, 1.0, 1.0, 1.0]
[6, 1, 1, 1, 1.0, 1.0, 1.0]
[4, 1, 1, 1, 1.0, 1.0, 1.0]
[2, 0, 0, 1, 0, 0, 0.125]
[6, 1, 1, 1, 1.0, 1.0, 1.0]
[6, 1, 1, 1, 1.0, 1.0, 1.0]
[8, 0, 1, 1, 0, 0.25, 0.25]
[2, 1, 1, 1, 1.0, 1.0, 1.0]
[6, 0, 1, 1, 0, 0.3333333333333333, 0.3333333333333333]
[2, 1, 1, 1, 1.0, 1.0, 1.0]
[6, 1, 1, 1, 1.0, 1.0, 1.0]
[3, 0, 1, 1, 0, 0.5, 0.5]
[2, 1, 1, 1, 1.0, 1.0, 1.0]
[2, 1, 1, 1, 1.0, 1.0, 1.0]
[1, 0, 1, 1, 0, 0.5, 0.5]
[6, 1, 1, 1, 1.0, 1.0, 1.0]
[7, 1, 1, 1, 1.0, 1.0, 1.0]
[8, 0, 1, 1, 0, 0.25, 0.25]
[6, 1, 1, 1, 1.0, 1.0, 1.0]
[6, 1, 1, 1, 1.0, 1.0, 1.0]
[6, 1, 1, 1, 1.0, 1.0, 1.0]
[2, 1, 1, 1, 1.0, 1.0, 1.0]
[1, 1, 1, 1, 1.0, 1.0, 1.0]
[2, 1, 1, 1, 1.0, 1.0, 1.0]
[5, 1, 1, 1, 1.0, 1.0, 1.0]
[6, 0, 0, 1, 0, 0, 0.16666666666666666]
[2, 0, 1, 1, 0, 0.25, 0.25]
[2, 1, 1, 1, 1.0, 1.0, 1.0]
[2, 0, 0, 1, 0, 0, 0.14285714285714285]
[2, 1, 1, 1, 1.0, 1.0, 1.0]
[1, 1, 1, 1, 1.0, 1.0, 1.0]
[6, 1, 1, 1, 1.0, 1.0, 1.0]
[4, 1, 1, 1, 1.0, 1.0, 1.0]
[9, 1, 1, 1, 1.0, 1.0, 1.0]
[1, 1, 1, 1, 1.0, 1.0, 1.0]
[2, 0, 1, 1, 0, 0.2, 0.2]
[9, 1, 1, 1, 1.0, 1.0, 1.0]
[3, 1, 1, 1, 1.0, 1.0, 1.0]
[7, 1, 1, 1, 1.0, 1.0, 1.0]
[6, 1, 1, 1, 1.0, 1.0, 1.0]
[2, 1, 1, 1, 1.0, 1.0, 1.0]
[2, 0, 1, 1, 0, 0.25, 0.25]
[8, 0, 0, 1, 0, 0, 0.1111111111111111]
[2, 0, 1, 1, 0, 0.5, 0.5]
[5, 1, 1, 1, 1.0, 1.0, 1.0]
[6, 1, 1, 1, 1.0, 1.0, 1.0]
[8, 1, 1, 1, 1.0, 1.0, 1.0]
[2, 1, 1, 1, 1.0, 1.0, 1.0]
[6, 1, 1, 1, 1.0, 1.0, 1.0]
[6, 0, 1, 1, 0, 0.3333333333333333, 0.3333333333333333]
[7, 1, 1, 1, 1.0, 1.0, 1.0]
[6, 1, 1, 1, 1.0, 1.0, 1.0]
[2, 1, 1, 1, 1.0, 1.0, 1.0]
[6, 1, 1, 1, 1.0, 1.0, 1.0]
[2, 1, 1, 1, 1.0, 1.0, 1.0]
[7, 1, 1, 1, 1.0, 1.0, 1.0]
[6, 1, 1, 1, 1.0, 1.0, 1.0]
[1, 1, 1, 1, 1.0, 1.0, 1.0]
[2, 1, 1, 1, 1.0, 1.0, 1.0]
[6, 1, 1, 1, 1.0, 1.0, 1.0]
[6, 1, 1, 1, 1.0, 1.0, 1.0]
[2, 0, 1, 1, 0, 0.5, 0.5]
[3, 1, 1, 1, 1.0, 1.0, 1.0]
[6, 0, 1, 1, 0, 0.5, 0.5]
[2, 1, 1, 1, 1.0, 1.0, 1.0]
[1, 1, 1, 1, 1.0, 1.0, 1.0]
[2, 1, 1, 1, 1.0, 1.0, 1.0]
[6, 1, 1, 1, 1.0, 1.0, 1.0]
[1, 1, 1, 1, 1.0, 1.0, 1.0]
[1, 1, 1, 1, 1.0, 1.0, 1.0]
[5, 1, 1, 1, 1.0, 1.0, 1.0]
[2, 1, 1, 1, 1.0, 1.0, 1.0]
[6, 0, 0, 1, 0, 0, 0.16666666666666666]
[3, 1, 1, 1, 1.0, 1.0, 1.0]
[6, 0, 1, 1, 0, 0.5, 0.5]
[2, 1, 1, 1, 1.0, 1.0, 1.0]
[1, 1, 1, 1, 1.0, 1.0, 1.0]
[8, 0, 0, 1, 0, 0, 0.1]
[2, 1, 1, 1, 1.0, 1.0, 1.0]
[6, 1, 1, 1, 1.0, 1.0, 1.0]
[6, 1, 1, 1, 1.0, 1.0, 1.0]
[6, 1, 1, 1, 1.0, 1.0, 1.0]
[6, 1, 1, 1, 1.0, 1.0, 1.0]
[3, 1, 1, 1, 1.0, 1.0, 1.0]
[2, 0, 1, 1, 0, 0.5, 0.5]
[6, 1, 1, 1, 1.0, 1.0, 1.0]
[4, 1, 1, 1, 1.0, 1.0, 1.0]
[2, 1, 1, 1, 1.0, 1.0, 1.0]
[3, 1, 1, 1, 1.0, 1.0, 1.0]
[2, 0, 1, 1, 0, 0.5, 0.5]
[3, 1, 1, 1, 1.0, 1.0, 1.0]
[6, 0, 1, 1, 0, 0.5, 0.5]
[2, 1, 1, 1, 1.0, 1.0, 1.0]
[2, 1, 1, 1, 1.0, 1.0, 1.0]
[2, 1, 1, 1, 1.0, 1.0, 1.0]
[5, 1, 1, 1, 1.0, 1.0, 1.0]
[6, 1, 1, 1, 1.0, 1.0, 1.0]
[6, 1, 1, 1, 1.0, 1.0, 1.0]
[6, 1, 1, 1, 1.0, 1.0, 1.0]
[2, 1, 1, 1, 1.0, 1.0, 1.0]
[6, 1, 1, 1, 1.0, 1.0, 1.0]
[2, 0, 1, 1, 0, 0.5, 0.5]
[6, 1, 1, 1, 1.0, 1.0, 1.0]
[2, 0, 1, 1, 0, 0.5, 0.5]
[3, 1, 1, 1, 1.0, 1.0, 1.0]
