304
304
1985
1985
873
874
874
2000
1691
2004
745
1864
1864
1864
1864
1865
1865
1865
1865
1866
775
1758
2019
2019
2019
2019
2019
2019
2019
2019
2019
2020
2021
1651
1651
984
1591
1591
1592
1592
702
1154
985
1765
1765
1133
1977
1977
1977
1978
1978
1978
1978
1978
1978
1979
1979
1979
1979
1979
1979
1979
1979
1979
1979
1979
1980
1980
1980
1980
1980
1980
1980
1980
1980
1980
1980
1980
1980
1981
1981
1981
1981
1981
1981
1981
1981
1981
1981
1982
1764
977
1969
1969
1777
1777
201
201
1973
1973
1973
1974
1974
1974
1974
1974
1974
1974
1975
1975
1975
1976
1977
1977
1783
1783
1784
1784
1935
1935
1935
1936
1170
984
1389
1389
211
2013
2013
2013
2014
2014
2014
995
1588
1467
1029
1581
1581
1550
1550
1550
1550
2184
1433
1433
1433
1433
2045
2045
2045
2045
2045
2045
2045
2045
2046
2046
2046
2046
2203
2203
2203
2203
2001
1275
1998
1998
1998
1998
1998
1999
1999
2000
1401
1401
1401
2123
1037
1037
1038
1038
1038
1671
1671
1671
1671
1671
1671
1672
1672
1672
1672
1672
1672
1672
1202
1203
722
1110
1110
2102
2102
2102
2102
2102
2103
2103
2103
2103
2103
2103
2103
2103
2105
2105
2105
2105
2105
2105
2105
2105
2106
2106
2106
2106
2106
2106
2107
2108
2108
2108
2108
2108
1905
1905
971
642
599
599
1896
1896
1896
1897
1897
1897
414
193
193
1941
1941
1941
1942
550
1478
1962
1962
1962
1962
1962
1962
1894
1894
1478
199
730
2048
2048
2048
2156
544
544
716
1575
1577
215
2061
2062
2062
2062
2062
2062
2062
2062
2063
2063
2063
2063
2063
2063
2063
2063
2063
2063
2063
2063
2063
2063
2063
2063
2063
2063
2063
2063
2063
2063
2063
2063
2063
2063
2063
2063
2063
2063
2063
2063
2063
2063
2063
2063
2063
2063
2063
2063
2063
2063
2063
2063
2063
2063
2063
2063
2064
2064
2064
2064
2064
2064
2064
2064
2064
2064
2064
2064
2064
2064
2064
2064
2064
2064
2064
2064
2064
2064
2064
2064
2064
2064
2064
2064
2064
2064
2064
2064
2065
2065
2065
1113
1113
2145
2145
141
1863
1863
1863
1863
697
697
2114
1842
1842
498
2194
2194
1393
1670
1671
1361
1480
576
576
987
988
1084
2018
2018
2018
2018
2018
2018
2018
2018
2018
2018
2018
2018
2019
2019
2019
2019
2019
2019
2019
2019
2019
2019
1538
1494
1494
1295
1301
1942
1942
2192
481
1655
2010
2011
2011
2011
2011
2011
2011
2011
2011
870
1643
772
772
1440
2014
2014
2014
2014
2014
2014
2014
2014
2014
2014
2014
2014
2014
2014
2014
2014
2014
2014
2014
2015
2015
2015
2015
2015
2015
2015
2015
2015
2015
2015
2016
2016
2016
2016
2016
1030
1409
523
800
1741
1741
302
1555
1076
1472
1952
1125
2156
1107
840
840
840
1812
1812
1993
1993
1993
1993
1993
1993
1993
1993
1993
1993
1993
1133
2053
2053
2053
2053
2053
2053
2053
2053
2053
2053
2053
2053
2053
2053
2054
2054
2054
2054
2054
2054
2054
2054
2054
2054
2054
2055
2055
2055
2055
2055
2055
2055
2055
2055
2055
2055
2055
2055
2055
2055
2055
2055
2055
2055
2055
2055
2055
2055
2055
2055
2055
2055
2055
2055
2055
2055
2055
2055
2055
2055
2055
2055
2055
2055
2055
2055
2055
2055
2055
2055
2055
2055
2055
2055
2055
2055
2056
2056
2056
2056
2056
2056
2056
2056
2056
2056
2056
2056
2056
2056
2056
2056
2056
2056
2056
2056
2056
2056
2056
2056
2056
2056
2056
2056
2056
2056
2056
2056
2056
2056
2056
2056
2057
2058
2058
2058
2058
2058
2058
2058
2058
2058
2058
2058
2058
2058
2058
2058
2058
2058
2058
2058
2059
2059
2059
2059
2059
2059
2059
2059
2059
2059
2059
2059
2060
940
1919
1919
1919
1920
2131
2131
1839
1839
1840
1840
1840
1840
1840
1840
1840
1840
1840
1841
1841
1841
1841
1841
1841
1841
1841
1841
1841
1841
1841
1841
1842
1439
1439
1440
1692
1693
503
891
891
1817
1817
1818
1818
1818
1818
518
2136
1890
1890
1890
1891
1892
1754
1754
2153
356
599
599
599
599
599
1994
1995
488
1512
1504
184
847
1113
198
1716
893
1127
1710
1710
1242
1242
1246
1246
829
829
516
1163
1163
1547
1547
1547
198
2156
857
857
1073
1073
2025
2025
2025
2026
2026
2026
2026
2026
2026
2026
2026
2026
2026
2026
2026
2026
2027
2027
2027
2027
2027
2027
2027
2027
2027
2027
2027
2028
2028
2028
2028
2028
2028
2028
2028
2028
2028
2028
2028
2028
2028
2028
2028
2028
2028
2028
2028
2028
2028
2029
2029
2029
2029
2029
2029
2029
2029
2029
2029
2029
2029
2029
2029
2029
2029
2029
2029
2029
2029
2029
2029
2029
2029
2029
2029
2029
2029
2030
2030
2030
2030
2030
2030
2030
2030
2030
2030
2030
2030
2030
2030
2030
2030
2030
2030
2030
2030
2030
2030
2030
2030
2031
475
476
782
1633
1633
1225
1991
1991
1992
1498
1410
1410
1411
1411
1760
1760
1760
1760
1760
1761
1989
1989
1989
1989
1989
1989
1989
1989
1989
1989
1989
1989
1989
1990
1990
1990
1990
1990
1990
1990
1990
1990
1990
1990
1990
1990
1991
2112
2112
1667
1142
1136
1136
1136
1136
1812
1812
1812
1813
1574
1968
1968
1968
1968
1968
1968
1957
1958
1958
1958
1958
1958
1959
1959
1959
1959
1959
1959
1959
1959
1959
1830
1830
1830
1830
1831
1707
1160
1160
1013
2144
2144
136
1049
1049
1793
1795
1795
1675
1675
742
1788
1723
1724
1901
1901
1559
1559
1481
703
1938
1938
1938
1938
1939
1939
1940
1680
1680
1914
1914
1914
1914
1914
1914
1914
1914
1914
1914
1914
1915
1915
1915
1915
1915
1915
1915
1915
1915
1915
1616
1616
1616
1893
1894
1894
1894
1286
1286
2011
2011
2011
2011
2011
2011
2011
2011
2011
2011
2011
2011
2012
2012
2012
2012
2012
2012
2012
2012
2012
2013
2013
2013
81
698
698
1378
1378
1378
1378
1773
1774
1774
1774
1774
1774
1774
1775
1181
883
1418
1418
1418
523
1803
1803
1803
1804
1804
1687
1687
1687
1687
1184
1264
1264
1264
2181
1665
1665
1666
1272
1272
436
1069
1934
1934
1512
1862
1862
1119
2142
2142
2142
2142
1944
1944
1945
1964
1964
1964
1964
1964
1964
1964
1964
1964
1964
1964
1964
1964
1964
1964
1965
1965
1965
1965
1965
1965
1383
1383
1077
1570
1570
1570
1570
1425
1425
886
886
2113
2113
2113
1176
1176
1107
1906
1906
1906
1906
1907
1907
1907
1907
1843
1553
1553
471
1685
1685
2183
1951
1952
92
1087
1087
1779
1969
1969
1969
1969
1969
1969
1969
1969
1969
1969
1970
1971
1972
1972
1972
1972
1972
1972
1972
1973
1973
1973
1818
1819
1820
1507
1508
1843
1843
1844
1236
354
377
25
1810
1810
1810
1407
1407
203
1785
1786
1786
1786
1786
1786
609
653
1255
1607
1607
1607
1607
1607
1608
1608
1608
1608
1608
1661
1661
1661
1662
2130
432
809
809
761
895
895
895
588
588
133
133
133
1547
850
73
1114
640
640
103
103
906
1885
1885
1885
1885
1885
1885
1885
1885
1886
1813
1813
1813
1813
1588
578
1652
854
854
805
1573
1573
2066
2066
2066
2066
2066
2066
2066
2066
2067
2067
2067
2067
2067
2067
2067
2067
2067
2067
2067
2067
2067
2067
2067
2067
2068
2068
2068
2068
2068
2068
2068
2068
2068
2068
2068
2068
2068
2068
2068
2068
2069
2069
2069
2069
2069
2069
2069
2069
2069
2069
2069
2069
2069
2069
2069
2069
2069
2069
2070
1429
1429
1429
1429
1429
1429
1061
1154
1789
2073
2073
2073
2073
2073
2073
2073
2073
2074
2074
2074
2074
2074
2074
2074
2075
2075
2075
2075
2075
2075
2075
2075
2075
2075
2075
2075
2075
2075
2075
2076
2076
2076
2076
2076
2076
2076
2077
2077
2077
2077
2077
2077
2077
2077
2077
2077
2077
2077
2077
2078
2078
2078
2078
2078
2078
2078
2078
2078
2078
2079
2079
2079
2079
2079
2079
2079
2079
2079
2079
2079
2079
2079
2080
2080
2080
2080
2080
2080
2080
2080
2080
2080
2080
2080
2080
2081
2081
2081
2081
2081
2081
2081
2082
2082
2082
2082
2082
2082
2082
2082
2083
2083
2083
2083
2083
2083
2083
2083
2083
2083
2083
2083
2083
2083
2083
2083
2083
2083
2083
2083
2083
2083
2083
2083
2083
2083
2084
2084
2084
2084
2084
2084
2084
2084
2084
2084
2084
2085
2085
2085
2085
2085
2085
2085
2086
2086
2086
2086
2086
2086
2086
2086
2086
2086
2087
2087
2087
2087
2087
2087
2087
2088
2088
1811
1811
1565
1858
1858
1858
1858
1858
1859
1431
1431
2091
2091
2091
2091
2091
2091
2091
2091
2091
2091
2091
2091
2091
2091
2091
2091
2091
2091
2091
2091
2091
2091
2091
2091
2091
2091
2091
2091
2091
2091
2091
2091
2091
2091
2091
2091
2091
2091
2091
2091
2091
2091
2091
2091
2091
2091
2091
2091
2091
2091
2091
2091
2091
2091
2091
2091
2091
2091
2091
2092
2092
2092
2092
2092
2092
2092
2092
2092
2092
2092
2092
2092
2092
2092
2092
2092
2092
2092
2092
2092
2092
2092
2092
2092
2092
2092
2092
2092
2093
2093
2093
2093
2093
2093
2093
2093
2093
2093
2093
2093
2093
2093
2093
2093
2093
2093
2093
2093
2093
2093
2093
2093
2093
2093
2093
2093
2093
2093
2093
2093
2093
2093
2093
2093
2093
2093
2093
2093
2093
2093
2093
2093
2093
2093
2093
2093
2093
2093
2093
2093
2093
2093
2093
2093
2093
2093
2093
2093
2093
2094
2094
2094
2094
2094
2094
2094
2094
2094
2094
2094
2094
2094
2094
2094
2094
2094
2094
2094
2094
2094
2094
2094
2094
2094
2094
2094
2094
2094
2094
2094
2094
2094
2094
2094
2094
2094
2094
2094
2094
2094
2094
2094
2094
2094
2094
2094
2094
2094
2094
2094
2094
2094
2094
2094
2094
2094
2094
2094
2095
2095
2095
2095
2095
2095
2095
2095
2095
2095
2095
2095
2095
2095
2095
2095
2095
2095
2095
2095
2095
2095
2095
2095
2095
2095
2095
2095
2095
2095
2095
2095
2095
2095
2095
2095
2095
2095
2095
2095
2095
2095
2095
2095
2095
2095
2095
2095
2095
2095
2095
2095
2095
2095
2095
2095
2095
2095
2095
2095
2095
2095
2095
2095
2095
2095
2095
2095
2095
2096
2096
2096
2096
2096
2096
2096
2096
2096
2096
2096
2096
2096
2096
2096
2096
2096
2096
2096
2096
2096
2096
2096
2096
2096
2096
2096
2096
2096
2096
2096
2096
2096
2096
2096
2096
2096
2096
2096
2096
2096
2096
2096
2096
2096
2096
2096
2096
2096
2096
2096
2096
2096
2096
2096
2096
2096
2096
2097
2097
2097
2097
2097
2097
2097
2097
2097
2097
2097
2097
2097
2097
2097
2097
2097
2097
2097
2097
2097
2097
2097
2097
2097
2097
2097
2097
2097
2097
2097
2097
2097
2097
2097
2097
2097
2097
2097
2097
2097
2097
2097
2097
2098
2098
2098
2098
2098
2098
2098
2098
2098
2098
2098
2098
2098
2098
2098
2098
2098
2098
2098
2098
2098
2099
2099
2099
2099
2099
2099
2099
2099
2099
2099
2099
2099
2099
2099
2099
2099
2099
2099
2099
2099
2099
2099
2099
2099
2099
2099
2099
2099
2099
2099
2099
2099
2099
2099
2100
2100
2100
2100
2101
2101
1711
1711
1712
1712
1255
800
2178
1936
1936
1936
1936
1936
1937
1089
599
599
545
1912
1912
2183
2183
1679
2177
1793
334
1680
1197
1197
622
1423
1423
1424
1424
1358
1358
1358
1359
1359
1900
1900
1900
1900
1900
1249
1249
175
175
1839
1839
1839
1839
1839
1839
625
1827
1827
1827
1827
1827
1827
1827
1827
1827
1827
1827
1828
1829
1829
1829
1829
1829
489
959
1780
1780
1781
1781
1421
487
487
1408
1408
1408
1409
762
840
840
840
1996
1996
1996
1996
1996
1996
1997
1353
412
413
794
2127
464
358
1945
1945
1945
1945
1945
1945
1946
1946
1916
1471
1888
1888
962
1888
1888
1889
1889
1703
1103
1103
1281
1282
2145
1151
573
574
2184
1815
1815
1118
1118
680
680
680
680
1272
1108
2193
2193
597
1706
2161
2123
2123
938
938
938
939
940
816
817
113
1168
802
802
698
698
1962
1962
1962
1962
2003
1662
2005
2005
2005
2005
2005
2005
2005
2005
2005
2006
2006
2006
2006
2006
2006
2006
2006
2006
2006
2006
2006
2006
2006
2006
2006
2006
2006
2006
2006
2006
2006
2006
2006
2006
2006
2007
2007
2007
2007
2007
2008
2008
2008
2008
2008
2008
2008
2008
2008
2009
2009
2009
2009
2009
2184
2184
1149
2178
1791
1403
1770
1770
1770
1770
1770
1770
1770
1771
1771
1771
1771
1772
1772
1802
1802
1395
1395
1395
1395
1395
1395
531
1640
1640
1640
1641
662
881
1897
1898
1657
1631
1631
1631
1631
1632
1632
1394
350
1877
1985
1985
1985
1985
1985
1985
1986
1986
1986
1986
1987
1987
1988
2193
1590
1590
2204
1635
1635
1635
1635
1635
1635
1635
1635
1635
1636
1636
1636
1636
1636
1636
1636
1637
1637
2031
2031
2032
2032
2032
2032
2032
2032
2032
2032
2032
2032
2033
2033
2033
1100
1699
768
235
794
1431
1431
1431
1431
1821
1821
1821
1821
1821
1822
1822
1822
1823
1823
1824
1824
1825
1825
1826
1826
1826
410
410
1254
791
1359
1359
1359
1359
576
576
591
1852
1852
681
681
681
681
1688
1689
1689
1689
1175
595
596
863
863
735
735
477
1494
1923
1923
1923
1923
1923
1923
1924
1924
1924
1924
1924
1924
1924
1925
1925
1925
1925
1925
1925
1925
1925
1925
1925
1925
1925
1926
1533
1534
2180
2180
1452
1452
581
765
2192
37
1499
1500
1500
1500
1732
1732
1733
1733
1733
1734
1734
1734
1735
1735
1736
1736
964
965
965
965
261
261
1343
1626
1626
1626
1626
1212
1091
2162
2162
1715
750
2173
545
858
775
773
2178
2154
993
993
504
1148
1148
1160
1160
1148
2179
2179
1808
1808
1809
1016
244
1357
1357
1357
1849
1849
1849
1849
1849
1849
1849
1849
1849
1849
1850
1850
1535
857
858
1109
1109
1278
1343
1343
1343
1343
1343
1343
1343
1343
1343
1343
1344
2193
1284
1837
1837
1902
1903
1903
2189
1593
1593
1593
1593
836
836
1765
1765
1752
1727
1269
1269
1269
1269
2142
1229
922
572
2163
2163
745
1201
1201
1201
1201
1202
1202
2187
1453
1454
1455
1064
1064
1126
2138
2138
878
878
878
2121
484
1787
1787
1788
1788
1788
1788
1908
1908
1908
1908
2208
2208
2208
2208
2208
955
972
972
972
972
1638
1638
1638
1639
1797
1798
1798
1799
355
355
1414
1414
1414
1414
1047
1307
1307
2150
1521
1266
1477
1477
1477
1477
1477
1477
1477
1288
1532
1533
1712
1713
1762
1762
750
933
933
1341
1341
1940
1940
661
1262
1262
1374
1860
1860
1860
1860
1860
1860
1860
1860
1860
1860
1861
1861
1862
2193
823
149
458
1254
1254
787
1843
156
606
606
1717
1717
1717
1717
1717
1717
1717
1717
1717
1717
1717
1018
1154
1211
680
1741
1741
1137
1137
654
654
1530
1530
1490
1173
1619
1619
1619
1619
1619
1619
1620
1620
1620
1620
1620
1620
1620
966
1221
1405
752
509
510
510
510
510
646
1103
2173
2173
2204
1754
1754
1754
1755
2200
2200
2200
1161
1161
1161
1106
1106
1106
311
738
633
1930
1930
1930
1930
1931
1931
1931
1931
1931
1931
1931
1931
1931
1931
1851
767
1204
1204
1204
1204
168
168
168
168
1796
1797
1797
1797
571
1870
1870
1870
1870
1871
1872
1509
1362
931
1372
1372
1372
1756
1756
1748
1748
1748
1748
1748
1748
1145
1602
1603
1603
1603
1586
1586
1586
1586
1855
1856
1857
1858
1074
1074
821
821
359
2134
2134
673
103
1768
1503
1326
1326
1026
1026
2197
443
729
729
729
729
1922
486
486
1368
518
1685
1297
1700
1700
861
893
1422
1422
1423
1423
1423
133
2128
2128
1882
1882
1882
1883
1883
1883
1883
1883
1883
1883
1883
1883
1883
1883
1883
1883
1883
1883
1883
1883
1884
1884
1884
1884
1884
1884
1884
1884
1885
878
878
1273
1601
1601
1601
1601
1602
1710
1711
1739
1739
2183
2183
323
1346
1288
1048
1048
748
477
459
1033
1033
1033
1617
1617
1618
1618
1618
1618
2142
2142
1243
1244
1815
1816
1816
1331
1331
1331
622
239
1880
1880
1880
1880
1881
1881
1881
1881
1881
1881
1881
1881
1882
2142
2142
2142
2142
1115
1116
1116
1116
1001
905
2186
2186
92
1502
1502
1502
1917
1917
1917
1918
1919
1919
358
358
1216
1070
1070
198
198
1008
1008
1847
1848
1848
1848
1848
1848
1744
1745
1233
1233
1045
1805
1805
1805
1805
1805
1805
1363
1164
1164
1928
1928
1928
1928
1928
1928
1928
1928
1929
1929
1929
1929
1929
1929
1929
1929
1929
1929
463
1092
1092
1092
1093
1082
1083
1116
813
813
1304
1742
1743
1744
1431
1431
1432
1432
1432
1432
1433
1703
1703
1704
1704
1704
742
1806
1806
221
221
817
817
817
817
2156
2156
2156
1327
1327
1328
1373
1374
1374
1374
670
1438
1335
616
2143
167
994
994
370
371
371
1058
438
439
1457
1458
1458
1458
1556
1556
541
541
541
991
991
1674
1674
1674
1080
819
819
819
820
820
820
820
494
935
1357
1750
1487
1487
2147
2167
723
723
723
1982
1982
1982
1982
1982
1982
1982
1982
1982
1983
1983
1983
1983
1983
1983
1681
1681
1681
1682
1612
1612
1612
1612
1613
1613
1614
1658
1659
1417
1417
1417
1417
1417
649
154
1219
1219
1220
677
1657
1658
1029
1030
751
1369
1369
1369
1369
1369
1369
1370
1370
1370
1370
1371
811
811
1786
1786
1786
1787
815
815
1335
1335
1037
2155
775
776
397
397
1259
927
927
928
815
815
1846
1846
1846
1846
1257
951
682
682
682
1321
1232
1232
1232
491
1292
1292
1292
1292
1292
1292
748
706
706
1168
1168
1168
2167
2167
2186
2186
2186
514
2201
2201
1953
1954
1954
1954
1954
1954
1954
1954
1954
1954
1954
1955
1955
1359
777
777
379
1345
484
717
717
1419
721
997
1168
1169
1541
1541
1541
1542
1542
1542
1542
1542
1542
851
1446
1447
1447
1447
1447
1447
1399
1399
1400
474
474
1205
1205
826
826
820
820
820
820
820
1892
1892
1892
1892
1893
1673
1648
2178
2178
2178
2178
492
1155
1156
1062
470
470
1567
1567
1567
1567
1568
1568
1568
1776
1777
1384
1384
1488
1489
1489
1683
1683
1443
1444
1444
1444
1444
1463
1463
1464
1464
699
563
563
563
564
1705
1198
929
2188
2188
2188
2188
2188
692
692
966
966
966
676
676
1699
1699
1699
1699
1311
1318
1319
1078
1078
723
723
835
835
811
1129
1129
1130
1130
1084
1084
882
921
921
921
922
1041
1041
1277
1349
1349
1349
1349
1349
1350
1350
1482
1483
1483
1483
1483
1484
