429 304 304 304 
429 304 304 304 304 
1557 1984 1985 1985 1985 
1557 1984 1985 1985 1985 1985 
1540 873 873 873 
1540 873 874 
1540 873 874 874 
1578 2000 2000 2000 
1498 1691 1691 1691 
1570 2004 2004 2004 
1381 744 745 745 
1395 1864 1864 
1395 1864 1864 
1395 1864 1864 
1395 1864 1864 
1395 1864 1864 1865 
1395 1864 1864 1865 1865 
1395 1865 1865 
1395 1865 1865 1865 
1395 1865 1866 
1310 774 775 775 
1244 1757 1758 1758 
1581 2019 2019 
1581 2019 2019 2019 
1581 2019 2019 
1581 2019 2019 2019 
1581 2019 2019 2019 2019 
1581 2019 2019 2019 2019 2019 
1581 2019 2019 2019 2019 2019 2019 
1581 2019 2019 2019 2019 2019 2019 2019 
1581 2019 2019 2019 2019 2019 2019 2019 2019 
1581 2019 2020 
1581 2019 2020 2021 
1239 1650 1651 
1239 1650 1651 1651 
1228 984 984 
1344 1590 1590 1591 1591 
1344 1590 1590 1591 1591 1591 
1344 1590 1590 1591 1591 1591 1592 
1344 1590 1590 1591 1591 1591 1592 1592 
1194 702 702 
1487 1154 1154 1154 
1233 985 985 985 
1255 1765 1765 1765 1765 
1255 1765 1765 1765 1765 1765 
571 1133 1133 1133 
1554 1977 1977 1977 1977 1977 1977 1977 1977 1977 
1554 1977 1977 1977 1977 1977 1977 1977 1977 1977 1977 
1554 1977 1977 1977 1977 1977 1977 1977 1977 1977 1977 1977 
1554 1977 1977 1977 1977 1977 1977 1977 1977 1977 1977 1977 1978 
1554 1978 1978 
1554 1978 1978 1978 
1554 1978 1978 1978 1978 
1554 1978 1978 
1554 1978 1978 1978 
1554 1978 1978 1978 1979 
1554 1978 1978 1978 1979 1979 
1554 1978 1978 1978 1979 1979 1979 
1554 1979 1979 
1554 1979 1979 1979 
1554 1979 1979 1979 1979 
1554 1979 1979 1979 1979 1979 
1554 1979 1979 
1554 1979 1979 1979 
1554 1979 1979 1979 1979 
1554 1979 1979 1979 1979 1979 
1554 1979 1979 1979 1979 1979 1980 
1554 1980 1980 
1554 1980 1980 1980 
1554 1980 1980 1980 1980 
1554 1980 1980 1980 1980 1980 
1554 1980 1980 1980 1980 1980 1980 
1554 1980 1980 1980 1980 1980 1980 1980 
1554 1980 1980 1980 1980 1980 1980 1980 1980 
1554 1980 1980 1980 1980 1980 1980 1980 1980 1980 
1554 1980 1980 
1554 1980 1980 1980 
1554 1980 1980 
1554 1980 1980 1980 
1554 1980 1980 1980 1981 
1554 1980 1980 1980 1981 1981 
1554 1980 1980 1980 1981 1981 1981 
1554 1980 1980 1980 1981 1981 1981 1981 
1554 1980 1980 1980 1981 1981 1981 1981 1981 
1554 1980 1980 1980 1981 1981 1981 1981 1981 1981 
1554 1980 1980 1980 1981 1981 1981 1981 1981 1981 1981 
1554 1980 1980 1980 1981 1981 1981 1981 1981 1981 1981 1981 
1554 1980 1980 1980 1981 1981 1981 1981 1981 1981 1981 1981 1981 
1554 1980 1980 1980 1981 1981 1981 1981 1981 1981 1981 1981 1981 1981 
1554 1981 1982 
1285 1763 1764 1764 
1331 976 977 977 
1550 1968 1968 1969 1969 
1550 1968 1968 1969 1969 1969 
1306 1777 1777 1777 
1306 1777 1777 1777 1777 
540 201 201 201 
540 201 201 
1553 1973 1973 1973 1973 1973 1973 1973 
1553 1973 1973 
1553 1973 1973 1973 
1553 1973 1973 1973 1974 
1553 1973 1973 1973 1974 1974 
1553 1973 1973 1973 1974 1974 1974 
1553 1973 1973 1973 1974 1974 1974 1974 
1553 1973 1973 1973 1974 1974 1974 1974 1974 
1553 1973 1973 1973 1974 1974 1974 1974 1974 1974 
1553 1974 1974 
1553 1975 1975 
1553 1975 1975 1975 
1553 1975 1975 1975 1975 
1553 1975 1975 1975 1975 1976 
1553 1975 1975 1975 1975 1976 1977 
1553 1975 1975 1975 1975 1976 1977 1977 
1275 1783 1783 1783 1783 
1275 1783 1783 
1275 1783 1784 
1275 1783 1784 1784 
1503 1935 1935 1935 
1503 1935 1935 1935 1935 
1503 1935 1935 1935 1935 1935 
1503 1935 1935 1935 1935 1935 1936 
599 1170 1170 1170 
1173 984 984 
808 1388 1389 1389 
808 1388 1389 1389 1389 
1027 211 211 211 
1575 2013 2013 2013 2013 2013 
1575 2013 2013 2013 2013 2013 2013 
1575 2013 2013 2013 2013 2013 2013 2013 
1575 2013 2013 2013 2013 2013 2013 2013 2014 
1575 2013 2013 2013 2013 2013 2013 2013 2014 2014 
1575 2013 2013 2013 2013 2013 2013 2013 2014 2014 2014 
1033 995 995 995 
1014 1587 1587 1588 
885 1467 1467 1467 
934 1029 1029 1029 
1004 1581 1581 1581 1581 
1004 1581 1581 1581 1581 1581 
967 1549 1549 1549 1550 
967 1549 1549 1549 1550 1550 
967 1549 1549 1549 1550 1550 1550 
967 1549 1549 1549 1550 1550 1550 1550 
945 505 505 505 
850 1433 1433 1433 1433 1433 
850 1433 1433 1433 1433 1433 1433 
850 1433 1433 1433 1433 1433 1433 1433 
850 1433 1433 1433 1433 1433 1433 1433 1433 
1585 2045 2045 2045 2045 
1585 2045 2045 2045 2045 2045 
1585 2045 2045 2045 2045 2045 2045 
1585 2045 2045 2045 2045 2045 2045 2045 
1585 2045 2045 2045 2045 2045 2045 2045 2045 
1585 2045 2045 2045 2045 2045 2045 2045 2045 2045 
1585 2045 2045 
1585 2045 2045 2045 
1585 2045 2045 2045 2046 
1585 2045 2045 2045 2046 2046 
1585 2045 2045 2045 2046 2046 2046 
1585 2045 2045 2045 2046 2046 2046 2046 
668 1023 1023 1023 1024 
668 1023 1023 1023 1024 1024 
668 1023 1023 1023 1024 1024 1024 
668 1023 1023 1023 1024 1024 1024 1024 
1567 2000 2000 2001 
691 1275 1275 1275 
1566 1998 1998 1998 1998 
1566 1998 1998 
1566 1998 1998 1998 
1566 1998 1998 1998 1998 
1566 1998 1998 1998 1998 1998 
1566 1998 1999 
1566 1999 1999 
1566 1999 1999 2000 
1164 1401 1401 1401 1401 
1164 1401 1401 1401 1401 1401 
1164 1401 1401 1401 1401 1401 1401 
717 51 51 51 
1480 1037 1037 
1480 1037 1037 
1480 1037 1037 1038 
1480 1037 1037 1038 1038 
1480 1037 1037 1038 1038 1038 
1119 1671 1671 1671 1671 1671 
1119 1671 1671 
1119 1671 1671 
1119 1671 1671 1671 
1119 1671 1671 
1119 1671 1671 1671 
1119 1672 1672 
1119 1672 1672 1672 
1119 1672 1672 
1119 1672 1672 
1119 1672 1672 1672 
1119 1672 1672 
1119 1672 1672 1672 
1111 1202 1202 1202 
1111 1202 1202 1202 1203 
1110 722 722 722 
1193 1110 1110 
1193 1110 1110 1110 
1592 2101 2102 2102 
1592 2102 2102 
1592 2102 2102 2102 
1592 2102 2102 
1592 2102 2102 
1592 2102 2103 
1592 2102 2103 2103 
1592 2102 2103 2103 2103 
1592 2103 2103 
1592 2103 2103 
1592 2103 2103 2103 
1592 2103 2103 
1592 2103 2103 2103 
1592 2104 2105 
1592 2104 2105 2105 
1592 2104 2105 2105 2105 
1592 2105 2105 
1592 2105 2105 
1592 2105 2105 
1592 2105 2105 
1592 2105 2105 2105 
1592 2105 2105 2105 2106 
1592 2106 2106 
1592 2106 2106 
1592 2106 2106 
1592 2106 2106 
1592 2106 2106 2106 
1592 2106 2106 2106 2107 
1592 2108 2108 
1592 2108 2108 2108 
1592 2108 2108 
1592 2108 2108 2108 
1592 2108 2108 
1450 1905 1905 1905 
1450 1905 1905 1905 1905 
445 970 971 971 
217 642 642 642 
1532 599 599 599 
1532 599 599 599 599 
1437 1896 1896 1896 
1437 1896 1896 1896 1896 
1437 1896 1896 1896 1896 1896 
1437 1896 1897 
1437 1896 1897 1897 
1437 1896 1897 1897 1897 
260 414 414 414 
258 193 193 193 
258 193 193 193 193 
1515 1941 1941 1941 
1515 1941 1941 
1515 1941 1941 
1515 1941 1941 1942 
1363 550 550 550 
1393 1478 1478 1478 
1542 1960 1961 1961 1962 1962 
1542 1960 1961 1961 1962 1962 1962 
1542 1960 1961 1961 1962 1962 1962 1962 
1542 1960 1961 1961 1962 1962 1962 1962 1962 
1542 1960 1961 1961 1962 1962 1962 1962 1962 1962 
1542 1960 1961 1961 1962 1962 1962 1962 1962 1962 1962 
1436 1894 1894 1894 
1436 1894 1894 
1511 1478 1478 1478 
722 199 199 199 
1057 730 730 730 
1586 2047 2048 2048 2048 
1586 2047 2048 2048 2048 2048 
1586 2047 2048 2048 2048 2048 2048 
701 179 179 179 
1144 543 544 544 
1144 543 544 544 544 
391 716 716 
999 1575 1575 
999 1576 1577 
47 215 215 215 
1588 2061 2061 
1588 2061 2061 2062 
1588 2061 2061 2062 2062 
1588 2062 2062 
1588 2062 2062 2062 
1588 2062 2062 2062 2062 
1588 2062 2062 2062 2062 2062 
1588 2062 2062 2062 2062 2062 2062 
1588 2062 2063 
1588 2062 2063 2063 
1588 2062 2063 2063 2063 
1588 2063 2063 
1588 2063 2063 2063 
1588 2063 2063 2063 2063 
1588 2063 2063 2063 2063 2063 
1588 2063 2063 2063 2063 2063 2063 
1588 2063 2063 2063 2063 2063 2063 2063 
1588 2063 2063 2063 2063 2063 2063 2063 2063 
1588 2063 2063 
1588 2063 2063 2063 
1588 2063 2063 2063 2063 
1588 2063 2063 2063 2063 2063 
1588 2063 2063 2063 2063 2063 2063 
1588 2063 2063 
1588 2063 2063 2063 
1588 2063 2063 2063 2063 
1588 2063 2063 2063 2063 2063 
1588 2063 2063 
1588 2063 2063 2063 
1588 2063 2063 2063 2063 
1588 2063 2063 2063 2063 2063 
1588 2063 2063 2063 2063 2063 2063 
1588 2063 2063 2063 2063 2063 2063 2063 
1588 2063 2063 2063 2063 2063 2063 2063 2063 
1588 2063 2063 
1588 2063 2063 2063 
1588 2063 2063 2063 2063 
1588 2063 2063 
1588 2063 2063 2063 
1588 2063 2063 2063 2063 
1588 2063 2063 2063 2063 2063 
1588 2063 2063 2063 2063 2063 2063 
1588 2063 2063 2063 2063 2063 2063 2063 
1588 2063 2063 
1588 2063 2063 2063 
1588 2063 2063 2063 2063 
1588 2063 2063 2063 2063 2063 
1588 2063 2063 2063 2063 2063 2063 
1588 2063 2063 2063 2063 2063 2063 2063 
1588 2063 2063 
1588 2063 2063 2063 
1588 2063 2063 2063 2063 
1588 2063 2063 2063 2063 2063 
1588 2063 2063 2063 2063 2063 2063 
1588 2063 2063 
1588 2063 2063 2063 
1588 2063 2063 2063 2064 
1588 2063 2063 2063 2064 2064 
1588 2064 2064 
1588 2064 2064 2064 
1588 2064 2064 2064 2064 
1588 2064 2064 2064 2064 2064 
1588 2064 2064 2064 2064 2064 2064 
1588 2064 2064 
1588 2064 2064 2064 
1588 2064 2064 2064 2064 
1588 2064 2064 2064 2064 2064 
1588 2064 2064 2064 2064 2064 2064 
1588 2064 2064 2064 2064 2064 2064 2064 
1588 2064 2064 2064 2064 2064 2064 2064 2064 
1588 2064 2064 2064 2064 2064 2064 2064 2064 2064 
1588 2064 2064 
1588 2064 2064 2064 
1588 2064 2064 2064 2064 
1588 2064 2064 2064 2064 2064 
1588 2064 2064 2064 2064 2064 2064 
1588 2064 2064 2064 2064 2064 2064 2064 
1588 2064 2064 2064 2064 2064 2064 2064 2064 
1588 2064 2064 
1588 2064 2064 
1588 2064 2064 2064 
1588 2064 2064 2064 2064 
1588 2064 2064 2064 2064 2064 
1588 2064 2064 2064 2064 2064 2064 
1588 2064 2064 
1588 2064 2064 
1588 2064 2064 
1588 2064 2064 2064 
1588 2064 2065 
1588 2064 2065 2065 
1588 2064 2065 2065 2065 
863 1112 1112 1112 1113 
863 1112 1112 1112 1113 1113 
46 127 127 127 
46 127 127 127 127 
166 141 141 141 
1546 1863 1863 1863 
1546 1863 1863 1863 1863 
1546 1863 1863 
1546 1863 1863 
253 696 697 697 
253 696 697 697 697 
103 14 14 14 
1365 1842 1842 1842 1842 
1365 1842 1842 1842 1842 1842 
583 498 498 498 
749 630 630 630 
749 630 630 630 630 
1313 1393 1393 1393 
1582 1670 1670 1670 
1582 1670 1670 1670 1671 
780 1360 1360 1361 
1405 1480 1480 1480 
1526 576 576 576 
1526 576 576 576 576 
761 987 987 
761 987 987 988 
1175 1084 1084 1084 
1580 2018 2018 2018 2018 2018 2018 2018 2018 2018 2018 2018 2018 
1580 2018 2018 
1580 2018 2018 2018 
1580 2018 2018 2018 2018 
1580 2018 2018 2018 2018 2018 
1580 2018 2018 2018 2018 2018 2018 
1580 2018 2018 2018 2018 2018 2018 2018 
1580 2018 2018 2018 2018 2018 2018 2018 2018 
1580 2018 2018 2018 2018 2018 2018 2018 2018 2018 
1580 2018 2018 2018 2018 2018 2018 2018 2018 2018 2018 
1580 2018 2018 2018 2018 2018 2018 2018 2018 2018 2018 2018 
1580 2018 2018 2018 2018 2018 2018 2018 2018 2018 2018 2018 2018 
1580 2018 2019 
1580 2018 2019 2019 
1580 2018 2019 2019 2019 
1580 2018 2019 2019 2019 2019 
1580 2018 2019 2019 2019 2019 2019 
1580 2018 2019 2019 2019 2019 2019 2019 
1580 2018 2019 2019 2019 2019 2019 2019 2019 
1580 2018 2019 2019 2019 2019 2019 2019 2019 2019 
1580 2018 2019 2019 2019 2019 2019 2019 2019 2019 2019 
1580 2018 2019 2019 2019 2019 2019 2019 2019 2019 2019 2019 
950 1537 1537 1538 
915 1493 1493 1494 
915 1493 1493 1494 1494 
710 1295 1295 1295 
718 1301 1301 1301 
1516 1942 1942 1942 
1516 1942 1942 
806 610 610 610 
1090 481 481 481 
1092 1655 1655 1655 
1572 2010 2010 2010 
1572 2010 2010 2010 2011 
1572 2010 2010 2010 2011 2011 
1572 2010 2010 2010 2011 2011 2011 
1572 2010 2010 2010 2011 2011 2011 2011 
1572 2010 2010 2010 2011 2011 2011 2011 2011 
1572 2010 2010 2010 2011 2011 2011 2011 2011 2011 
1572 2010 2010 2010 2011 2011 2011 2011 2011 2011 2011 
1572 2010 2010 2010 2011 2011 2011 2011 2011 2011 2011 2011 
1434 869 869 870 
1076 1642 1643 1643 
294 771 771 772 772 
294 771 771 772 772 772 
1077 1440 1440 1440 
1576 2014 2014 2014 2014 2014 
1576 2014 2014 2014 2014 2014 2014 
1576 2014 2014 2014 2014 2014 2014 2014 
1576 2014 2014 2014 2014 2014 2014 2014 2014 
1576 2014 2014 
1576 2014 2014 2014 
1576 2014 2014 2014 2014 
1576 2014 2014 2014 2014 2014 
1576 2014 2014 2014 2014 2014 2014 
1576 2014 2014 2014 2014 2014 2014 2014 
1576 2014 2014 
1576 2014 2014 2014 
1576 2014 2014 2014 2014 
1576 2014 2014 2014 2014 2014 
1576 2014 2014 2014 2014 2014 2014 
1576 2014 2014 2014 2014 2014 2014 2014 
1576 2014 2014 2014 2014 2014 2014 2014 2014 
1576 2014 2014 2014 2014 2014 2014 2014 2014 2014 
1576 2014 2014 2014 2014 2014 2014 2014 2014 2014 2014 
1576 2014 2014 2014 2014 2014 2014 2014 2014 2014 2014 2015 
1576 2014 2014 2014 2014 2014 2014 2014 2014 2014 2014 2015 2015 
1576 2014 2014 2014 2014 2014 2014 2014 2014 2014 2014 2015 2015 2015 
1576 2014 2014 2014 2014 2014 2014 2014 2014 2014 2014 2015 2015 2015 2015 
1576 2015 2015 
1576 2015 2015 2015 
1576 2015 2015 2015 2015 
1576 2015 2015 2015 2015 2015 
1576 2015 2015 2015 2015 2015 2015 
1576 2015 2015 2015 2015 2015 2015 2015 
1576 2015 2015 2015 2015 2015 2015 2015 2015 
1576 2015 2015 2015 2015 2015 2015 2015 2015 2016 
1576 2015 2015 2015 2015 2015 2015 2015 2015 2016 2016 
1576 2015 2015 2015 2015 2015 2015 2015 2015 2016 2016 2016 
1576 2015 2015 2015 2015 2015 2015 2015 2015 2016 2016 2016 2016 
1576 2015 2015 2015 2015 2015 2015 2015 2015 2016 2016 2016 2016 2016 
1151 1030 1030 1030 
1364 1409 1409 1409 
158 523 523 523 
511 800 800 800 
1215 1740 1740 1741 1741 
1215 1740 1740 1741 1741 1741 
72 302 302 302 
1389 1555 1555 1555 
524 1076 1076 1076 
1382 1472 1472 1472 
1534 1952 1952 
566 1125 1125 1125 
373 179 179 179 
1473 1107 1107 1107 
1350 840 840 840 840 
1350 840 840 
1350 840 840 840 
1556 1811 1811 1812 1812 
1556 1811 1811 1812 1812 1812 
1563 1993 1993 
1563 1993 1993 1993 
1563 1993 1993 1993 1993 
1563 1993 1993 1993 1993 1993 
1563 1993 1993 
1563 1993 1993 1993 
1563 1993 1993 
1563 1993 1993 1993 
1563 1993 1993 1993 1993 
1563 1993 1993 1993 1993 1993 
1563 1993 1993 1993 1993 1993 1993 
570 1131 1132 1133 
1587 2053 2053 
1587 2053 2053 2053 
1587 2053 2053 2053 2053 
1587 2053 2053 2053 2053 2053 
1587 2053 2053 2053 2053 2053 2053 
1587 2053 2053 2053 2053 2053 2053 2053 
1587 2053 2053 2053 2053 2053 2053 2053 2053 
1587 2053 2053 
1587 2053 2053 2053 
1587 2053 2053 
1587 2053 2053 
1587 2053 2053 2053 
1587 2053 2053 2053 2053 
1587 2053 2053 2053 2053 2053 
1587 2053 2053 2053 2053 2053 2054 
1587 2053 2053 2053 2053 2053 2054 2054 
1587 2053 2053 2053 2053 2053 2054 2054 2054 
1587 2054 2054 
1587 2054 2054 2054 
1587 2054 2054 2054 2054 
1587 2054 2054 2054 2054 2054 
1587 2054 2054 
1587 2054 2054 
1587 2054 2054 2054 
1587 2054 2054 2054 2054 
1587 2055 2055 
1587 2055 2055 2055 
1587 2055 2055 2055 2055 
1587 2055 2055 2055 2055 2055 
1587 2055 2055 
1587 2055 2055 2055 
1587 2055 2055 2055 2055 
1587 2055 2055 2055 2055 2055 
1587 2055 2055 2055 2055 2055 2055 
1587 2055 2055 
1587 2055 2055 2055 
1587 2055 2055 2055 2055 
1587 2055 2055 
1587 2055 2055 2055 
1587 2055 2055 2055 2055 
1587 2055 2055 2055 2055 2055 
1587 2055 2055 
1587 2055 2055 2055 
1587 2055 2055 2055 2055 
1587 2055 2055 2055 2055 2055 
1587 2055 2055 2055 2055 2055 2055 
1587 2055 2055 2055 2055 2055 2055 2055 
1587 2055 2055 2055 2055 2055 2055 2055 2055 
1587 2055 2055 
1587 2055 2055 2055 
1587 2055 2055 2055 2055 
1587 2055 2055 2055 2055 2055 
1587 2055 2055 2055 2055 2055 2055 
1587 2055 2055 
1587 2055 2055 2055 
1587 2055 2055 2055 2055 
1587 2055 2055 
1587 2055 2055 2055 
1587 2055 2055 
1587 2055 2055 2055 
1587 2055 2055 2055 2055 
1587 2055 2055 
1587 2055 2055 2055 
1587 2055 2055 
1587 2055 2055 2055 
1587 2055 2055 2055 2055 
1587 2055 2055 2055 2055 2055 
1587 2055 2055 
1587 2055 2055 2055 
1587 2055 2055 2055 2055 
1587 2055 2055 
1587 2055 2055 2055 
1587 2055 2055 
1587 2055 2055 2055 
1587 2055 2055 2055 2055 
1587 2055 2055 
1587 2055 2055 2056 
1587 2055 2055 2056 2056 
1587 2055 2055 2056 2056 2056 
1587 2055 2055 2056 2056 2056 2056 
1587 2056 2056 
1587 2056 2056 2056 
1587 2056 2056 2056 2056 
1587 2056 2056 
1587 2056 2056 2056 
1587 2056 2056 2056 2056 
1587 2056 2056 2056 2056 2056 
1587 2056 2056 2056 2056 2056 2056 
1587 2056 2056 2056 2056 2056 2056 2056 
1587 2056 2056 
1587 2056 2056 2056 
1587 2056 2056 2056 2056 
1587 2056 2056 2056 2056 2056 
1587 2056 2056 2056 2056 2056 2056 
1587 2056 2056 
1587 2056 2056 2056 
1587 2056 2056 2056 2056 
1587 2056 2056 2056 2056 2056 
1587 2056 2056 2056 2056 2056 2056 
1587 2056 2056 2056 2056 2056 2056 2056 
1587 2056 2056 
1587 2056 2056 2056 
1587 2056 2056 2056 2056 
1587 2056 2056 2056 2056 2056 
1587 2056 2056 2056 2056 2056 2056 
1587 2056 2056 
1587 2056 2056 2056 
1587 2056 2056 2056 2056 
1587 2056 2056 2056 2056 2056 
1587 2056 2056 2056 2056 2056 2056 
1587 2056 2056 2056 2056 2056 2056 2056 
1587 2056 2056 
1587 2056 2056 2057 
1587 2057 2058 
1587 2057 2058 2058 
1587 2057 2058 2058 2058 
1587 2058 2058 
1587 2058 2058 2058 
1587 2058 2058 2058 2058 
1587 2058 2058 2058 2058 2058 
1587 2058 2058 2058 2058 2058 2058 
1587 2058 2058 
1587 2058 2058 2058 
1587 2058 2058 2058 2058 
1587 2058 2058 2058 2058 2058 
1587 2058 2058 2058 2058 2058 2058 
1587 2058 2058 2058 2058 2058 2058 2058 
1587 2058 2058 2058 2058 2058 2058 2058 2058 
1587 2058 2058 
1587 2058 2058 2058 
1587 2058 2058 2058 2058 
1587 2058 2058 2058 2058 2058 
1587 2059 2059 
1587 2059 2059 2059 
1587 2059 2059 2059 2059 
1587 2059 2059 2059 2059 2059 
1587 2059 2059 
1587 2059 2059 2059 
1587 2059 2059 
1587 2059 2059 2059 
1587 2059 2059 2059 2059 
1587 2059 2059 2059 2059 2059 
1587 2059 2059 2059 2059 2059 2059 
1587 2059 2059 
1587 2059 2059 2060 
1276 940 940 940 
1472 1919 1919 1919 1919 
1472 1919 1919 1919 1919 1919 
1472 1919 1919 1919 1919 1919 1919 
1472 1919 1919 1919 1919 1919 1919 1920 
256 72 72 72 72 
256 72 72 72 72 72 
1362 1839 1839 1839 1839 1839 1839 
1362 1839 1839 1839 1839 1839 1839 1839 
1362 1839 1839 1839 1839 1839 1839 1839 1840 
1362 1839 1839 1839 1839 1839 1839 1839 1840 1840 
1362 1839 1839 1839 1839 1839 1839 1839 1840 1840 1840 
1362 1840 1840 
1362 1840 1840 1840 
1362 1840 1840 1840 1840 
1362 1840 1840 1840 1840 1840 
1362 1840 1840 1840 1840 1840 1840 
1362 1840 1840 1840 1840 1840 1840 1840 
1362 1840 1840 1840 1840 1840 1840 1840 1841 
1362 1841 1841 
1362 1841 1841 1841 
1362 1841 1841 1841 1841 
1362 1841 1841 1841 1841 1841 
1362 1841 1841 1841 1841 1841 1841 
1362 1841 1841 
1362 1841 1841 1841 
1362 1841 1841 1841 1841 
1362 1841 1841 1841 1841 1841 
1362 1841 1841 1841 1841 1841 1841 
1362 1841 1841 1841 1841 1841 1841 1841 
1362 1841 1841 1841 1841 1841 1841 1841 1841 
1362 1841 1842 
857 1438 1439 1439 1439 
857 1438 1439 1439 1439 1439 
857 1438 1439 1439 1439 1439 1440 
1464 1692 1692 1692 
1464 1692 1692 1692 1693 
937 503 503 503 
532 890 890 891 891 
532 890 890 891 891 891 
1326 1816 1816 1816 1816 1816 1817 
1326 1816 1816 1816 1816 1816 1817 1817 
1326 1816 1816 1816 1816 1816 1817 1817 1818 
1326 1816 1816 1816 1816 1816 1817 1817 1818 1818 
1326 1816 1816 1816 1816 1816 1817 1817 1818 1818 1818 
1326 1816 1816 1816 1816 1816 1817 1817 1818 1818 1818 1818 
1483 517 517 518 
48 88 88 88 
1533 1890 1890 1890 1890 1890 
1533 1890 1890 1890 1890 1890 1890 
1533 1890 1890 1890 1890 1890 1890 1890 
1533 1890 1890 1890 1890 1890 1890 1890 1891 
1533 1890 1890 1890 1890 1890 1890 1890 1891 1892 
1240 1753 1753 1754 
1240 1753 1753 1754 1754 
697 159 159 159 
88 356 356 356 
1094 599 599 599 599 599 
1094 599 599 599 599 599 599 
1094 599 599 599 599 599 599 599 
1094 599 599 599 599 599 599 599 599 
1094 599 599 599 599 599 599 599 599 599 
1564 1994 1994 
1564 1995 1995 
644 488 488 488 
1169 1512 1512 1512 
1150 1504 1504 1504 
672 184 184 184 
345 846 846 847 
1399 1113 1113 1113 
1052 198 198 198 
1468 1715 1716 1716 
622 893 893 893 
573 1126 1127 1127 
1485 1709 1709 1710 
1485 1709 1709 1710 1710 
671 1242 1242 
671 1242 1242 1242 
656 1244 1245 1245 1246 
656 1244 1245 1245 1246 1246 
336 829 829 829 
336 829 829 829 829 
153 515 516 516 
592 1162 1162 1163 
592 1162 1162 1163 1163 
1489 1547 1547 1547 1547 
1489 1547 1547 1547 1547 1547 
1489 1547 1547 1547 1547 1547 1547 
560 198 198 198 
811 179 179 179 
351 856 856 857 857 
351 856 856 857 857 857 
522 1073 1073 1073 
522 1073 1073 1073 1073 
1583 2025 2025 2025 
1583 2025 2025 2025 2025 
1583 2025 2025 2025 2025 2025 
1583 2025 2025 2025 2025 2025 2026 
1583 2025 2025 2025 2025 2025 2026 2026 
1583 2026 2026 
1583 2026 2026 
1583 2026 2026 2026 
1583 2026 2026 2026 2026 
1583 2026 2026 2026 2026 2026 
1583 2026 2026 
1583 2026 2026 2026 
1583 2026 2026 2026 2026 
1583 2026 2026 
1583 2026 2026 2026 
1583 2026 2026 
1583 2026 2026 2027 
1583 2026 2026 2027 2027 
1583 2026 2026 2027 2027 2027 
1583 2027 2027 
1583 2027 2027 2027 
1583 2027 2027 2027 2027 
1583 2027 2027 2027 2027 2027 
1583 2027 2027 
1583 2027 2027 2027 
1583 2027 2027 2027 2027 
1583 2027 2027 2027 2027 2027 
1583 2027 2027 2027 2027 2027 2028 
1583 2027 2027 2027 2027 2027 2028 2028 
1583 2028 2028 
1583 2028 2028 2028 
1583 2028 2028 2028 2028 
1583 2028 2028 2028 2028 2028 
1583 2028 2028 2028 2028 2028 2028 
1583 2028 2028 2028 2028 2028 2028 2028 
1583 2028 2028 2028 2028 2028 2028 2028 2028 
1583 2028 2028 2028 2028 2028 2028 2028 2028 2028 
1583 2028 2028 
1583 2028 2028 
1583 2028 2028 
1583 2028 2028 2028 
1583 2028 2028 
1583 2028 2028 2028 
1583 2028 2028 2028 2028 
1583 2028 2028 2028 2028 2028 
1583 2028 2028 2028 2028 2028 2028 
1583 2028 2028 
1583 2028 2028 2028 
1583 2028 2028 
1583 2028 2028 2029 
1583 2028 2028 2029 2029 
1583 2029 2029 
1583 2029 2029 2029 
1583 2029 2029 2029 2029 
1583 2029 2029 2029 2029 2029 
1583 2029 2029 
1583 2029 2029 2029 
1583 2029 2029 2029 2029 
1583 2029 2029 2029 2029 2029 
1583 2029 2029 2029 2029 2029 2029 
1583 2029 2029 2029 2029 2029 2029 2029 
1583 2029 2029 2029 2029 2029 2029 2029 2029 
1583 2029 2029 2029 2029 2029 2029 2029 2029 2029 
1583 2029 2029 2029 2029 2029 2029 2029 2029 2029 2029 
1583 2029 2029 2029 2029 2029 2029 2029 2029 2029 2029 2029 
1583 2029 2029 2029 2029 2029 2029 2029 2029 2029 2029 2029 2029 
1583 2029 2029 2029 2029 2029 2029 2029 2029 2029 2029 2029 2029 2029 
1583 2029 2029 
1583 2029 2029 2029 
1583 2029 2029 2029 2029 
1583 2029 2029 
1583 2029 2029 2029 
1583 2029 2029 2029 2029 
1583 2029 2029 2029 2029 2029 
1583 2029 2029 2029 2029 2029 2029 
1583 2029 2029 
1583 2029 2029 2029 
1583 2029 2029 2029 2030 
1583 2029 2029 2029 2030 2030 
1583 2029 2029 2029 2030 2030 2030 
1583 2030 2030 
1583 2030 2030 2030 
1583 2030 2030 
1583 2030 2030 2030 
1583 2030 2030 2030 2030 
1583 2030 2030 2030 2030 2030 
1583 2030 2030 2030 2030 2030 2030 
1583 2030 2030 2030 2030 2030 2030 2030 
1583 2030 2030 2030 2030 2030 2030 2030 2030 
1583 2030 2030 
1583 2030 2030 2030 
1583 2030 2030 2030 2030 
1583 2030 2030 2030 2030 2030 
1583 2030 2030 2030 2030 2030 2030 
1583 2030 2030 2030 2030 2030 2030 2030 
1583 2030 2030 2030 2030 2030 2030 2030 2030 
1583 2030 2030 2030 2030 2030 2030 2030 2030 2030 
1583 2030 2030 
1583 2030 2030 2030 
1583 2030 2030 2030 2030 
1583 2030 2030 
1583 2030 2030 2031 
132 475 475 475 
132 475 475 475 476 
792 782 782 782 
1069 1632 1632 1633 
1069 1632 1632 1633 1633 
1398 1225 1225 1225 
1562 1991 1991 1991 1991 
1562 1991 1991 
1562 1991 1991 1992 
1210 1496 1497 1498 
1558 1409 1409 1409 1409 1410 
1558 1409 1409 1409 1409 1410 1410 
1558 1409 1409 1409 1409 1410 1410 1411 
1558 1409 1409 1409 1409 1410 1410 1411 1411 
1252 1760 1760 
1252 1760 1760 1760 
1252 1760 1760 
1252 1760 1760 1760 
1252 1760 1760 1760 1760 
1252 1760 1760 1760 1760 1761 
1560 1989 1989 
1560 1989 1989 1989 
1560 1989 1989 
1560 1989 1989 
1560 1989 1989 1989 
1560 1989 1989 
1560 1989 1989 1989 
1560 1989 1989 
1560 1989 1989 1989 
1560 1989 1989 1989 1989 
1560 1989 1989 1989 1989 1989 
1560 1989 1989 1989 1989 1989 1989 
1560 1989 1989 1989 1989 1989 1989 1989 
1560 1990 1990 
1560 1990 1990 1990 
1560 1990 1990 
1560 1990 1990 1990 
1560 1990 1990 
1560 1990 1990 1990 
1560 1990 1990 1990 1990 
1560 1990 1990 
1560 1990 1990 1990 
1560 1990 1990 
1560 1990 1990 1990 
1560 1990 1990 1990 1990 
1560 1990 1990 1990 1990 1990 
1560 1990 1990 1990 1990 1990 1991 
86 6 6 
86 6 6 
1413 1666 1667 1667 
1172 1141 1141 1142 
1158 1136 1136 1136 
1158 1136 1136 1136 1136 
1158 1136 1136 1136 1136 1136 
1158 1136 1136 
1318 1812 1812 1812 1812 1812 
1318 1812 1812 1812 1812 1812 1812 
1318 1812 1812 
1318 1812 1812 1813 
1548 1574 1574 
1549 1966 1967 1967 1967 1967 1968 
1549 1966 1967 1967 1967 1967 1968 1968 
1549 1966 1967 1967 1967 1967 1968 1968 1968 
1549 1966 1967 1967 1967 1967 1968 1968 1968 1968 
1549 1966 1967 1967 1967 1967 1968 1968 1968 1968 1968 
1549 1966 1967 1967 1967 1967 1968 1968 1968 1968 1968 1968 
1539 1956 1957 
1539 1958 1958 
1539 1958 1958 1958 
1539 1958 1958 
1539 1958 1958 
1539 1958 1958 1958 
1539 1958 1959 
1539 1958 1959 1959 
1539 1958 1959 1959 1959 
1539 1958 1959 1959 1959 1959 
1539 1958 1959 1959 1959 1959 1959 
1539 1958 1959 1959 1959 1959 1959 1959 
1539 1958 1959 1959 1959 1959 1959 1959 1959 
1539 1958 1959 1959 1959 1959 1959 1959 1959 1959 
1539 1958 1959 1959 1959 1959 1959 1959 1959 1959 1959 
1347 1829 1829 1829 1830 1830 
1347 1829 1829 1829 1830 1830 1830 
1347 1829 1829 1829 1830 1830 1830 1830 
1347 1829 1829 1829 1830 1830 1830 1830 1830 
1347 1829 1829 1829 1830 1830 1830 1830 1830 1831 
1543 1707 1707 1707 
1335 1160 1160 1160 1160 
1335 1160 1160 1160 1160 1160 
1476 1013 1013 
59 125 125 125 125 
59 125 125 125 125 125 
28 136 136 136 
1273 1048 1049 1049 
1273 1048 1049 1049 1049 
1300 1793 1793 1793 1793 
1300 1794 1795 
1300 1794 1795 1795 
1294 1675 1675 1675 1675 
1294 1675 1675 1675 1675 1675 
1291 742 742 742 
1282 1788 1788 1788 
1514 1722 1723 1723 1723 
1514 1722 1723 1723 1723 1724 
1443 1900 1901 
1443 1900 1901 1901 
979 1559 1559 1559 
979 1559 1559 1559 1559 
895 1480 1480 1481 
891 703 703 
1507 1937 1937 1938 1938 
1507 1938 1938 
1507 1938 1938 1938 
1507 1938 1938 1938 1938 
1507 1938 1938 1938 1938 1939 
1507 1938 1938 1938 1938 1939 1939 
1507 1938 1938 1938 1938 1939 1939 1940 
1456 1680 1680 1680 
1456 1680 1680 1680 1680 
1462 1914 1914 
1462 1914 1914 
1462 1914 1914 1914 
1462 1914 1914 1914 1914 
1462 1914 1914 1914 1914 1914 
1462 1914 1914 
1462 1914 1914 1914 
1462 1914 1914 1914 1914 
1462 1914 1914 
1462 1914 1914 1914 
1462 1914 1914 
1462 1915 1915 
1462 1915 1915 1915 
1462 1915 1915 
1462 1915 1915 
1462 1915 1915 1915 
1462 1915 1915 1915 1915 
1462 1915 1915 1915 1915 1915 
1462 1915 1915 
1462 1915 1915 1915 
1462 1915 1915 1915 1915 
1045 1616 1616 1616 1616 
1045 1616 1616 1616 1616 1616 
1045 1616 1616 1616 1616 1616 1616 
1435 1893 1893 
1435 1893 1893 1894 
1435 1893 1893 1894 1894 
1435 1893 1893 1894 1894 1894 
1082 1285 1285 1286 
1082 1285 1285 1286 1286 
1573 2011 2011 2011 2011 2011 2011 2011 2011 2011 2011 2011 
1573 2011 2011 2011 2011 2011 2011 2011 2011 2011 2011 2011 2011 
1573 2011 2011 
1573 2011 2011 2011 
1573 2011 2011 2011 2011 
1573 2011 2011 2011 2011 2011 
1573 2011 2011 2011 2011 2011 2011 
1573 2011 2011 2011 2011 2011 2011 2011 
1573 2011 2011 2011 2011 2011 2011 2011 2011 
1573 2011 2011 2011 2011 2011 2011 2011 2011 2011 
1573 2011 2011 2011 2011 2011 2011 2011 2011 2011 2011 
1573 2011 2011 
1573 2011 2012 
1573 2011 2012 2012 
1573 2011 2012 2012 2012 
1573 2011 2012 2012 2012 2012 
1573 2011 2012 2012 2012 2012 2012 
1573 2011 2012 2012 2012 2012 2012 2012 
1573 2011 2012 2012 2012 2012 2012 2012 2012 
1573 2011 2012 2012 2012 2012 2012 2012 2012 2012 
1573 2011 2012 2012 2012 2012 2012 2012 2012 2012 2012 
1573 2011 2012 2012 2012 2012 2012 2012 2012 2012 2012 2013 
1573 2011 2012 2012 2012 2012 2012 2012 2012 2012 2012 2013 2013 
1573 2011 2012 2012 2012 2012 2012 2012 2012 2012 2012 2013 2013 2013 
13 81 81 81 
319 697 698 698 
319 697 698 698 698 
796 1378 1378 1378 1378 
796 1378 1378 
796 1378 1378 1378 
796 1378 1378 1378 1378 
1262 1773 1773 1773 
1262 1773 1774 
1262 1774 1774 
1262 1774 1774 1774 
1262 1774 1774 
1262 1774 1774 1774 
1262 1774 1774 1774 1774 
1262 1774 1774 1774 1774 1775 
1438 1181 1181 
371 883 883 883 
982 1417 1418 1418 1418 
982 1417 1418 1418 1418 1418 
982 1417 1418 1418 1418 1418 1418 
1479 523 523 
1309 1803 1803 1803 
1309 1803 1803 1803 1803 
1309 1803 1803 
1309 1803 1803 1804 
1309 1803 1803 1804 1804 
1137 1686 1686 1687 1687 
1137 1686 1686 1687 1687 1687 
1137 1686 1686 1687 1687 1687 1687 
1137 1686 1686 1687 1687 1687 1687 1687 
971 1183 1184 1184 
975 1262 1262 1263 1264 
975 1262 1262 1263 1264 1264 
975 1262 1262 1263 1264 1264 1264 
458 465 465 465 
1114 1664 1665 
1114 1665 1665 
1114 1666 1666 
689 1272 1272 1272 
689 1272 1272 1272 1272 
1176 436 436 436 
520 1068 1069 1069 
1537 1934 1934 
1537 1934 1934 1934 
932 1512 1512 1512 
1392 1862 1862 1862 
1392 1862 1862 
925 1118 1118 1119 
239 116 116 116 116 
239 116 116 116 116 116 
239 116 116 116 116 116 116 
239 116 116 116 116 116 116 116 
1519 1944 1944 
1519 1944 1944 1944 
1519 1944 1944 1944 1945 
1547 1963 1963 1963 1963 1963 1963 1964 1964 1964 1964 1964 1964 
1547 1964 1964 
1547 1964 1964 1964 
1547 1964 1964 1964 1964 
1547 1964 1964 1964 1964 1964 
1547 1964 1964 1964 1964 1964 1964 
1547 1964 1964 1964 1964 1964 1964 1964 
1547 1964 1964 1964 1964 1964 1964 1964 1964 
1547 1964 1964 
1547 1964 1964 1964 
1547 1964 1964 
1547 1964 1964 
1547 1964 1964 1964 
1547 1964 1964 
1547 1964 1964 1964 
1547 1964 1964 1964 1965 
1547 1964 1964 1964 1965 1965 
1547 1964 1964 1964 1965 1965 1965 
1547 1964 1964 1964 1965 1965 1965 1965 
1547 1964 1964 1964 1965 1965 1965 1965 1965 
1547 1964 1964 1964 1965 1965 1965 1965 1965 1965 
1298 1383 1383 1383 1383 
1298 1383 1383 1383 1383 1383 
525 1077 1077 1077 
988 1570 1570 
988 1570 1570 
988 1570 1570 1570 
988 1570 1570 1570 1570 
1440 1424 1424 1425 
1440 1424 1424 1425 1425 
1330 886 886 886 886 
1330 886 886 886 886 886 
488 12 12 12 12 
488 12 12 12 12 12 
488 12 12 12 12 12 12 
862 1176 1176 1176 
862 1176 1176 1176 1176 
1504 1107 1107 1107 
1453 1906 1906 1906 1906 1906 1906 
1453 1906 1906 1906 1906 1906 1906 1906 
1453 1906 1906 
1453 1906 1906 1906 
1453 1907 1907 
1453 1907 1907 1907 
1453 1907 1907 
1453 1907 1907 1907 
1577 1842 1842 1843 
973 1552 1553 1553 1553 
973 1552 1553 1553 1553 1553 
1066 471 471 471 
1259 1683 1684 1684 1685 
1259 1683 1684 1684 1685 1685 
1254 499 499 499 
1529 1951 1951 1951 
1529 1951 1951 1951 1952 
619 91 92 92 
1266 1086 1086 1087 
1266 1086 1086 1087 1087 
1269 1779 1779 1779 
1552 1969 1969 1969 1969 1969 1969 1969 1969 1969 1969 1969 1969 
1552 1969 1969 
1552 1969 1969 1969 
1552 1969 1969 1969 1969 
1552 1969 1969 1969 1969 1969 
1552 1969 1969 1969 1969 1969 1969 
1552 1969 1969 1969 1969 1969 1969 1969 
1552 1969 1969 1969 1969 1969 1969 1969 1969 
1552 1969 1969 1969 1969 1969 1969 1969 1969 1969 
1552 1969 1969 1969 1969 1969 1969 1969 1969 1969 1969 
1552 1969 1970 
1552 1969 1970 1971 
1552 1972 1972 
1552 1972 1972 1972 
1552 1972 1972 1972 1972 
1552 1972 1972 1972 1972 1972 
1552 1972 1972 1972 1972 1972 1972 
1552 1972 1972 1972 1972 1972 1972 1972 
1552 1972 1972 1972 1972 1972 1972 1972 1972 
1552 1972 1972 1972 1972 1972 1972 1972 1972 1973 
1552 1972 1972 1972 1972 1972 1972 1972 1972 1973 1973 
1552 1972 1972 1972 1972 1972 1972 1972 1972 1973 1973 1973 
1329 1818 1818 1818 1818 
1329 1818 1818 1818 1818 1819 
1329 1818 1818 1818 1818 1819 1820 
1112 1506 1506 1507 
1112 1506 1506 1507 1508 
1524 1843 1843 1843 1843 
1524 1843 1843 1843 1843 1843 
1524 1843 1843 1843 1843 1843 1844 
646 1236 1236 1236 
87 354 354 354 
93 376 377 
3 25 25 25 
1316 1809 1809 1809 1810 
1316 1809 1809 1809 1810 1810 
1316 1809 1809 1809 1810 1810 1810 
821 1406 1406 1406 1407 
821 1406 1406 1406 1407 1407 
43 203 203 
1277 1785 1785 
1277 1785 1785 1786 
1277 1785 1785 1786 1786 
1277 1785 1785 1786 1786 1786 
1277 1785 1785 1786 1786 1786 1786 
1277 1785 1785 1786 1786 1786 1786 1786 
196 608 609 609 
224 653 653 653 
859 1255 1255 1255 
1087 1606 1606 1606 1606 1606 1607 1607 
1087 1606 1606 1606 1606 1606 1607 1607 1607 
1087 1606 1606 1606 1606 1606 1607 1607 1607 1607 
1087 1606 1606 1606 1606 1606 1607 1607 1607 1607 1607 
1087 1606 1606 1606 1606 1606 1607 1607 1607 1607 1607 1607 
1087 1606 1606 1606 1606 1606 1607 1607 1607 1607 1607 1607 1608 
1087 1606 1606 1606 1606 1606 1607 1607 1607 1607 1607 1607 1608 1608 
1087 1606 1606 1606 1606 1606 1607 1607 1607 1607 1607 1607 1608 1608 1608 
1087 1606 1606 1606 1606 1606 1607 1607 1607 1607 1607 1607 1608 1608 1608 1608 
1087 1606 1606 1606 1606 1606 1607 1607 1607 1607 1607 1607 1608 1608 1608 1608 1608 
1106 1661 1661 
1106 1661 1661 1661 
1106 1661 1661 1661 1661 
1106 1661 1661 1661 1661 1662 
118 70 70 70 
898 432 432 432 
840 809 809 809 
840 809 809 
287 761 761 761 
1448 894 894 894 895 
1448 894 894 894 895 895 
1448 894 894 894 895 895 895 
186 587 588 588 
186 587 588 588 588 
364 133 133 133 
364 133 133 133 133 
364 133 133 133 133 133 
961 1546 1547 1547 
711 850 850 850 
11 73 73 73 
557 1113 1114 1114 
216 639 640 640 
216 639 640 640 640 
597 103 103 
597 103 103 103 
393 906 906 906 
1425 1885 1885 
1425 1885 1885 1885 
1425 1885 1885 1885 1885 
1425 1885 1885 1885 1885 1885 
1425 1885 1885 1885 1885 1885 1885 
1425 1885 1885 
1425 1885 1885 1885 
1425 1885 1885 1885 1885 
1425 1885 1885 1885 1885 1886 
1319 1813 1813 
1319 1813 1813 
1319 1813 1813 
1319 1813 1813 1813 
1015 1588 1588 1588 
1257 578 578 578 
1084 1652 1652 1652 
350 854 854 
350 854 854 854 
612 804 805 805 
1415 1573 1573 1573 
1415 1573 1573 1573 1573 
1589 2066 2066 
1589 2066 2066 2066 
1589 2066 2066 2066 2066 
1589 2066 2066 
1589 2066 2066 2066 
1589 2066 2066 
1589 2066 2066 2066 
1589 2066 2066 
1589 2067 2067 
1589 2067 2067 
1589 2067 2067 2067 
1589 2067 2067 2067 2067 
1589 2067 2067 2067 2067 2067 
1589 2067 2067 2067 2067 2067 2067 
1589 2067 2067 2067 2067 2067 2067 2067 
1589 2067 2067 2067 2067 2067 2067 2067 2067 
1589 2067 2067 
1589 2067 2067 2067 
1589 2067 2067 
1589 2067 2067 2067 
1589 2067 2067 2067 2067 
1589 2067 2067 
1589 2067 2067 2067 
1589 2067 2067 
1589 2067 2067 2068 
1589 2068 2068 
1589 2068 2068 
1589 2068 2068 2068 
1589 2068 2068 
1589 2068 2068 
1589 2068 2068 2068 
1589 2068 2068 2068 2068 
1589 2068 2068 
1589 2068 2068 2068 
1589 2068 2068 2068 2068 
1589 2068 2068 2068 2068 2068 
1589 2068 2068 2068 2068 2068 2068 
1589 2068 2068 
1589 2068 2068 2068 
1589 2068 2068 2068 2068 
1589 2069 2069 
1589 2069 2069 2069 
1589 2069 2069 
1589 2069 2069 2069 
1589 2069 2069 
1589 2069 2069 2069 
1589 2069 2069 
1589 2069 2069 2069 
1589 2069 2069 
1589 2069 2069 
1589 2069 2069 2069 
1589 2069 2069 2069 2069 
1589 2069 2069 
1589 2069 2069 2069 
1589 2069 2069 2069 2069 
1589 2069 2069 
1589 2069 2069 2069 
1589 2069 2069 2069 2069 
1589 2069 2069 2069 2069 2070 
1499 1428 1428 1428 1428 1428 1429 
1499 1428 1428 1428 1428 1428 1429 1429 
1499 1428 1428 1428 1428 1428 1429 1429 1429 
1499 1428 1428 1428 1428 1428 1429 1429 1429 1429 
1499 1428 1428 1428 1428 1428 1429 1429 1429 1429 1429 
1499 1428 1428 1428 1428 1428 1429 1429 1429 1429 1429 1429 
1218 1061 1061 
1518 1154 1154 1154 
1475 1789 1789 1789 
1590 2073 2073 2073 2073 2073 2073 
1590 2073 2073 2073 2073 2073 2073 2073 
1590 2073 2073 
1590 2073 2073 2073 
1590 2073 2073 
1590 2073 2073 2073 
1590 2073 2073 2073 2073 
1590 2073 2073 2073 2073 2073 
1590 2074 2074 
1590 2074 2074 2074 
1590 2074 2074 2074 2074 
1590 2074 2074 
1590 2074 2074 2074 
1590 2074 2074 2074 2074 
1590 2074 2074 2074 2074 2074 
1590 2074 2075 
1590 2074 2075 2075 
1590 2074 2075 2075 2075 
1590 2075 2075 
1590 2075 2075 2075 
1590 2075 2075 2075 2075 
1590 2075 2075 
1590 2075 2075 2075 
1590 2075 2075 2075 2075 
1590 2075 2075 
1590 2075 2075 2075 
1590 2075 2075 2075 2075 
1590 2075 2075 
1590 2075 2075 2075 
1590 2075 2075 2075 2075 
1590 2075 2075 2075 2075 2076 
1590 2076 2076 
1590 2076 2076 
1590 2076 2076 
1590 2076 2076 2076 
1590 2076 2076 
1590 2076 2076 2076 
1590 2077 2077 
1590 2077 2077 2077 
1590 2077 2077 
1590 2077 2077 2077 
1590 2077 2077 2077 2077 
1590 2077 2077 2077 2077 2077 
1590 2077 2077 2077 2077 2077 2077 
1590 2077 2077 
1590 2077 2077 2077 
1590 2077 2077 2077 2077 
1590 2077 2077 2077 2077 2077 
1590 2077 2077 
1590 2077 2077 2077 
1590 2077 2078 
1590 2077 2078 2078 
1590 2077 2078 2078 2078 
1590 2077 2078 2078 2078 2078 
1590 2078 2078 
1590 2078 2078 2078 
1590 2078 2078 2078 2078 
1590 2078 2078 
1590 2078 2078 2078 
1590 2078 2078 2078 2078 
1590 2078 2078 2078 2078 2079 
1590 2079 2079 
1590 2079 2079 2079 
1590 2079 2079 2079 2079 
1590 2079 2079 
1590 2079 2079 2079 
1590 2079 2079 2079 2079 
1590 2079 2079 
1590 2079 2079 2079 
1590 2079 2079 
1590 2079 2079 
1590 2079 2079 
1590 2079 2079 2079 
1590 2079 2079 2079 2080 
1590 2079 2079 2079 2080 2080 
1590 2080 2080 
1590 2080 2080 
1590 2080 2080 2080 
1590 2080 2080 2080 2080 
1590 2080 2080 
1590 2080 2080 
1590 2080 2080 2080 
1590 2080 2080 2080 2080 
1590 2080 2080 
1590 2080 2080 
1590 2080 2080 
1590 2081 2081 
1590 2081 2081 2081 
1590 2081 2081 2081 2081 
1590 2081 2081 2081 2081 2081 
1590 2081 2081 
1590 2081 2081 2081 
1590 2081 2081 2081 2081 
1590 2081 2081 2081 2081 2082 
1590 2081 2081 2081 2081 2082 2082 
1590 2081 2081 2081 2081 2082 2082 2082 
1590 2082 2082 
1590 2082 2082 
1590 2082 2082 
1590 2082 2082 2082 
1590 2082 2082 
1590 2082 2082 2083 
1590 2082 2082 2083 2083 
1590 2083 2083 
1590 2083 2083 2083 
1590 2083 2083 2083 2083 
1590 2083 2083 
1590 2083 2083 2083 
1590 2083 2083 2083 2083 
1590 2083 2083 2083 2083 2083 
1590 2083 2083 2083 2083 2083 2083 
1590 2083 2083 2083 2083 2083 2083 2083 
1590 2083 2083 2083 2083 2083 2083 2083 2083 
1590 2083 2083 2083 2083 2083 2083 2083 2083 2083 
1590 2083 2083 
1590 2083 2083 2083 
1590 2083 2083 
1590 2083 2083 2083 
1590 2083 2083 2083 2083 
1590 2083 2083 2083 2083 2083 
1590 2083 2083 2083 2083 2083 2083 
1590 2083 2083 
1590 2083 2083 2083 
1590 2083 2083 
1590 2083 2083 2083 
1590 2083 2083 2083 2083 
1590 2083 2083 2083 2083 2083 
1590 2084 2084 
1590 2084 2084 2084 
1590 2084 2084 2084 2084 
1590 2084 2084 2084 2084 2084 
1590 2084 2084 2084 2084 2084 2084 
1590 2084 2084 2084 2084 2084 2084 2084 
1590 2084 2084 2084 2084 2084 2084 2084 2084 
1590 2084 2084 2084 2084 2084 2084 2084 2084 2084 
1590 2084 2084 
1590 2084 2084 2084 
1590 2084 2084 
1590 2085 2085 
1590 2085 2085 2085 
1590 2085 2085 2085 2085 
1590 2085 2085 2085 2085 2085 
1590 2085 2085 
1590 2085 2085 2085 
1590 2085 2085 
1590 2086 2086 
1590 2086 2086 2086 
1590 2086 2086 
1590 2086 2086 2086 
1590 2086 2086 
1590 2086 2086 2086 
1590 2086 2086 2086 2086 
1590 2086 2086 2086 2086 2086 
1590 2086 2086 
1590 2086 2086 2086 
1590 2086 2086 2086 2087 
1590 2086 2086 2086 2087 2087 
1590 2086 2086 2086 2087 2087 2087 
1590 2086 2086 2086 2087 2087 2087 2087 
1590 2086 2086 2086 2087 2087 2087 2087 2087 
1590 2086 2086 2086 2087 2087 2087 2087 2087 2087 
1590 2086 2086 2086 2087 2087 2087 2087 2087 2087 2087 
1590 2087 2088 
1590 2087 2088 2088 
1332 1811 1811 1811 
1332 1811 1811 1811 1811 
984 1565 1565 1565 
1388 1858 1858 1858 1858 1858 1858 
1388 1858 1858 
1388 1858 1858 1858 
1388 1858 1858 
1388 1858 1858 1858 
1388 1858 1858 1858 1859 
1424 1431 1431 1431 1431 
1424 1431 1431 1431 1431 1431 
1591 2090 2091 
1591 2091 2091 
1591 2091 2091 2091 
1591 2091 2091 2091 2091 
1591 2091 2091 
1591 2091 2091 2091 
1591 2091 2091 2091 2091 
1591 2091 2091 2091 2091 2091 
1591 2091 2091 2091 2091 2091 2091 
1591 2091 2091 2091 2091 2091 2091 2091 
1591 2091 2091 
1591 2091 2091 2091 
1591 2091 2091 
1591 2091 2091 2091 
1591 2091 2091 2091 2091 
1591 2091 2091 2091 2091 2091 
1591 2091 2091 2091 2091 2091 2091 
1591 2091 2091 2091 2091 2091 2091 2091 
1591 2091 2091 
1591 2091 2091 2091 
1591 2091 2091 2091 2091 
1591 2091 2091 
1591 2091 2091 
1591 2091 2091 2091 
1591 2091 2091 2091 2091 
1591 2091 2091 2091 2091 2091 
1591 2091 2091 2091 2091 2091 2091 
1591 2091 2091 2091 2091 2091 2091 2091 
1591 2091 2091 2091 2091 2091 2091 2091 2091 
1591 2091 2091 
1591 2091 2091 2091 
1591 2091 2091 2091 2091 
1591 2091 2091 2091 2091 2091 
1591 2091 2091 2091 2091 2091 2091 
1591 2091 2091 2091 2091 2091 2091 2091 
1591 2091 2091 2091 2091 2091 2091 2091 2091 
1591 2091 2091 2091 2091 2091 2091 2091 2091 2091 
1591 2091 2091 2091 2091 2091 2091 2091 2091 2091 2091 
1591 2091 2091 2091 2091 2091 2091 2091 2091 2091 2091 2091 
1591 2091 2091 
1591 2091 2091 
1591 2091 2091 2091 
1591 2091 2091 2091 2091 
1591 2091 2091 2091 2091 2091 
1591 2091 2091 
1591 2091 2091 
1591 2091 2091 2091 
1591 2091 2091 2091 2091 
1591 2091 2091 2091 2091 2091 
1591 2091 2091 
1591 2091 2091 2091 
1591 2091 2091 2091 2091 
1591 2091 2091 2091 2091 2091 
1591 2091 2091 2091 2091 2091 2091 
1591 2091 2091 2091 2091 2091 2091 2091 
1591 2091 2091 2091 2091 2091 2091 2091 2091 
1591 2091 2091 2091 2091 2091 2091 2091 2091 2091 
1591 2091 2091 
1591 2091 2091 2091 
1591 2092 2092 
1591 2092 2092 2092 
1591 2092 2092 2092 2092 
1591 2092 2092 
1591 2092 2092 2092 
1591 2092 2092 2092 2092 
1591 2092 2092 2092 2092 2092 
1591 2092 2092 2092 2092 2092 2092 
1591 2092 2092 2092 2092 2092 2092 2092 
1591 2092 2092 2092 2092 2092 2092 2092 2092 
1591 2092 2092 2092 2092 2092 2092 2092 2092 2092 
1591 2092 2092 
1591 2092 2092 
1591 2092 2092 2092 
1591 2092 2092 2092 2092 
1591 2092 2092 
1591 2092 2092 
1591 2092 2092 2092 
1591 2092 2092 2092 2092 
1591 2092 2092 2092 2092 2092 
1591 2092 2092 2092 2092 2092 2092 
1591 2092 2092 2092 2092 2092 2092 2092 
1591 2092 2092 2092 2092 2092 2092 2092 2092 
1591 2092 2092 2092 2092 2092 2092 2092 2092 2092 
1591 2092 2092 2092 2092 2092 2092 2092 2092 2092 2092 
1591 2092 2092 
1591 2092 2092 2092 
1591 2092 2092 2092 2092 
1591 2092 2092 2092 2092 2092 
1591 2092 2092 2092 2092 2092 2093 
1591 2092 2092 2092 2092 2092 2093 2093 
1591 2092 2092 2092 2092 2092 2093 2093 2093 
1591 2093 2093 
1591 2093 2093 2093 
1591 2093 2093 2093 2093 
1591 2093 2093 2093 2093 2093 
1591 2093 2093 2093 2093 2093 2093 
1591 2093 2093 
1591 2093 2093 2093 
1591 2093 2093 2093 2093 
1591 2093 2093 
1591 2093 2093 2093 
1591 2093 2093 2093 2093 
1591 2093 2093 2093 2093 2093 
1591 2093 2093 2093 2093 2093 2093 
1591 2093 2093 2093 2093 2093 2093 2093 
1591 2093 2093 2093 2093 2093 2093 2093 2093 
1591 2093 2093 2093 2093 2093 2093 2093 2093 2093 
1591 2093 2093 2093 2093 2093 2093 2093 2093 2093 2093 
1591 2093 2093 2093 2093 2093 2093 2093 2093 2093 2093 2093 
1591 2093 2093 2093 2093 2093 2093 2093 2093 2093 2093 2093 2093 
1591 2093 2093 2093 2093 2093 2093 2093 2093 2093 2093 2093 2093 2093 
1591 2093 2093 
1591 2093 2093 
1591 2093 2093 2093 
1591 2093 2093 2093 2093 
1591 2093 2093 2093 2093 2093 
1591 2093 2093 2093 2093 2093 2093 
1591 2093 2093 2093 2093 2093 2093 2093 
1591 2093 2093 2093 2093 2093 2093 2093 2093 
1591 2093 2093 2093 2093 2093 2093 2093 2093 2093 
1591 2093 2093 
1591 2093 2093 
1591 2093 2093 2093 
1591 2093 2093 2093 2093 
1591 2093 2093 2093 2093 2093 
1591 2093 2093 2093 2093 2093 2093 
1591 2093 2093 2093 2093 2093 2093 2093 
1591 2093 2093 
1591 2093 2093 2093 
1591 2093 2093 2093 2093 
1591 2093 2093 
1591 2093 2093 
1591 2093 2093 2093 
1591 2093 2093 
1591 2093 2093 2093 
1591 2093 2093 2093 2093 
1591 2093 2093 
1591 2093 2093 2093 
1591 2093 2093 2093 2093 
1591 2093 2093 
1591 2093 2093 2093 
1591 2093 2093 2093 2093 
1591 2093 2093 2093 2093 2093 
1591 2093 2093 2093 2093 2093 2093 
1591 2093 2093 2093 2093 2093 2093 2093 
1591 2093 2093 
1591 2093 2093 2093 
1591 2093 2093 
1591 2093 2093 2093 
1591 2093 2093 2093 2094 
1591 2093 2093 2093 2094 2094 
1591 2094 2094 
1591 2094 2094 2094 
1591 2094 2094 
1591 2094 2094 2094 
1591 2094 2094 
1591 2094 2094 2094 
1591 2094 2094 2094 2094 
1591 2094 2094 
1591 2094 2094 2094 
1591 2094 2094 2094 2094 
1591 2094 2094 
1591 2094 2094 2094 
1591 2094 2094 2094 2094 
1591 2094 2094 2094 2094 2094 
1591 2094 2094 2094 2094 2094 2094 
1591 2094 2094 
1591 2094 2094 
1591 2094 2094 2094 
1591 2094 2094 2094 2094 
1591 2094 2094 
1591 2094 2094 
1591 2094 2094 2094 
1591 2094 2094 2094 2094 
1591 2094 2094 2094 2094 2094 
1591 2094 2094 2094 2094 2094 2094 
1591 2094 2094 
1591 2094 2094 
1591 2094 2094 2094 
1591 2094 2094 
1591 2094 2094 2094 
1591 2094 2094 2094 2094 
1591 2094 2094 2094 2094 2094 
1591 2094 2094 2094 2094 2094 2094 
1591 2094 2094 2094 2094 2094 2094 2094 
1591 2094 2094 
1591 2094 2094 2094 
1591 2094 2094 2094 2094 
1591 2094 2094 2094 2094 2094 
1591 2094 2094 
1591 2094 2094 2094 
1591 2094 2094 2094 2094 
1591 2094 2094 
1591 2094 2094 2094 
1591 2094 2094 
1591 2094 2094 2094 
1591 2094 2094 2094 2094 
1591 2094 2094 2094 2094 2094 
1591 2094 2094 2094 2094 2094 2094 
1591 2094 2094 
1591 2094 2094 2094 
1591 2094 2094 
1591 2094 2094 
1591 2094 2094 
1591 2094 2094 2094 
1591 2094 2094 2094 2094 
1591 2094 2094 2094 2094 2094 
1591 2094 2094 
1591 2094 2094 2095 
1591 2094 2094 2095 2095 
1591 2094 2094 2095 2095 2095 
1591 2094 2094 2095 2095 2095 2095 
1591 2095 2095 
1591 2095 2095 2095 
1591 2095 2095 
1591 2095 2095 
1591 2095 2095 2095 
1591 2095 2095 2095 2095 
1591 2095 2095 2095 2095 2095 
1591 2095 2095 2095 2095 2095 2095 
1591 2095 2095 
1591 2095 2095 2095 
1591 2095 2095 2095 2095 
1591 2095 2095 2095 2095 2095 
1591 2095 2095 2095 2095 2095 2095 
1591 2095 2095 2095 2095 2095 2095 2095 
1591 2095 2095 
1591 2095 2095 2095 
1591 2095 2095 2095 2095 
1591 2095 2095 
1591 2095 2095 
1591 2095 2095 
1591 2095 2095 2095 
1591 2095 2095 2095 2095 
1591 2095 2095 2095 2095 2095 
1591 2095 2095 2095 2095 2095 2095 
1591 2095 2095 
1591 2095 2095 2095 
1591 2095 2095 2095 2095 
1591 2095 2095 2095 2095 2095 
1591 2095 2095 
1591 2095 2095 2095 
1591 2095 2095 2095 2095 
1591 2095 2095 2095 2095 2095 
1591 2095 2095 
1591 2095 2095 2095 
1591 2095 2095 2095 2095 
1591 2095 2095 2095 2095 2095 
1591 2095 2095 
1591 2095 2095 2095 
1591 2095 2095 2095 2095 
1591 2095 2095 2095 2095 2095 
1591 2095 2095 2095 2095 2095 2095 
1591 2095 2095 2095 2095 2095 2095 2095 
1591 2095 2095 2095 2095 2095 2095 2095 2095 
1591 2095 2095 2095 2095 2095 2095 2095 2095 2095 
1591 2095 2095 2095 2095 2095 2095 2095 2095 2095 2095 
1591 2095 2095 2095 2095 2095 2095 2095 2095 2095 2095 2095 
1591 2095 2095 2095 2095 2095 2095 2095 2095 2095 2095 2095 2095 
1591 2095 2095 
1591 2095 2095 2095 
1591 2095 2095 2095 2095 
1591 2095 2095 2095 2095 2095 
1591 2095 2095 2095 2095 2095 2095 
1591 2095 2095 
1591 2095 2095 
1591 2095 2095 2095 
1591 2095 2095 
1591 2095 2095 2095 
1591 2095 2095 2095 2095 
1591 2095 2095 
1591 2095 2095 2095 
1591 2095 2095 2095 2095 
1591 2095 2095 2095 2095 2095 
1591 2095 2095 2095 2095 2095 2095 
1591 2095 2095 2095 2095 2095 2095 2095 
1591 2095 2095 2095 2095 2095 2095 2095 2095 
1591 2095 2096 
1591 2096 2096 
1591 2096 2096 2096 
1591 2096 2096 2096 2096 
1591 2096 2096 2096 2096 2096 
1591 2096 2096 
1591 2096 2096 2096 
1591 2096 2096 2096 2096 
1591 2096 2096 2096 2096 2096 
1591 2096 2096 2096 2096 2096 2096 
1591 2096 2096 
1591 2096 2096 2096 
1591 2096 2096 2096 2096 
1591 2096 2096 2096 2096 2096 
1591 2096 2096 2096 2096 2096 2096 
1591 2096 2096 
1591 2096 2096 
1591 2096 2096 2096 
1591 2096 2096 2096 2096 
1591 2096 2096 2096 2096 2096 
1591 2096 2096 
1591 2096 2096 2096 
1591 2096 2096 2096 2096 
1591 2096 2096 
1591 2096 2096 2096 
1591 2096 2096 2096 2096 
1591 2096 2096 2096 2096 2096 
1591 2096 2096 2096 2096 2096 2096 
1591 2096 2096 2096 2096 2096 2096 2096 
1591 2096 2096 2096 2096 2096 2096 2096 2096 
1591 2096 2096 2096 2096 2096 2096 2096 2096 2096 
1591 2096 2096 2096 2096 2096 2096 2096 2096 2096 2096 
1591 2096 2096 
1591 2096 2096 2096 
1591 2096 2096 2096 2096 
1591 2096 2096 2096 2096 2096 
1591 2096 2096 
1591 2096 2096 2096 
1591 2096 2096 2096 2096 
1591 2096 2096 
1591 2096 2096 
1591 2096 2096 2096 
1591 2096 2096 2096 2096 
1591 2096 2096 2096 2096 2096 
1591 2096 2096 
1591 2096 2096 2096 
1591 2096 2096 2096 2096 
1591 2096 2096 2096 2096 2096 
1591 2096 2096 2096 2096 2096 2096 
1591 2096 2096 2096 2096 2096 2096 2096 
1591 2096 2096 
1591 2096 2096 2096 
1591 2096 2096 2096 2096 
1591 2096 2096 2096 2096 2096 
1591 2096 2096 
1591 2096 2096 2096 
1591 2096 2096 2096 2096 
1591 2096 2096 
1591 2096 2096 2097 
1591 2096 2096 2097 2097 
1591 2096 2096 2097 2097 2097 
1591 2096 2096 2097 2097 2097 2097 
1591 2096 2096 2097 2097 2097 2097 2097 
1591 2097 2097 
1591 2097 2097 2097 
1591 2097 2097 2097 2097 
1591 2097 2097 2097 2097 2097 
1591 2097 2097 
1591 2097 2097 2097 
1591 2097 2097 2097 2097 
1591 2097 2097 2097 2097 2097 
1591 2097 2097 2097 2097 2097 2097 
1591 2097 2097 
1591 2097 2097 2097 
1591 2097 2097 2097 2097 
1591 2097 2097 
1591 2097 2097 
1591 2097 2097 2097 
1591 2097 2097 
1591 2097 2097 
1591 2097 2097 2097 
1591 2097 2097 2097 2097 
1591 2097 2097 
1591 2097 2097 
1591 2097 2097 2097 
1591 2097 2097 2097 2097 
1591 2097 2097 2097 2097 2097 
1591 2097 2097 2097 2097 2097 2097 
1591 2097 2097 
1591 2097 2097 2097 
1591 2097 2097 
1591 2097 2097 2097 
1591 2097 2097 2097 2097 
1591 2097 2097 2097 2097 2097 
1591 2097 2097 
1591 2097 2097 2097 
1591 2097 2097 2097 2097 
1591 2097 2097 2097 2097 2097 
1591 2097 2097 2097 2097 2097 2097 
1591 2097 2097 2097 2097 2097 2097 2097 
1591 2097 2097 2097 2097 2097 2097 2097 2097 
1591 2097 2097 
1591 2097 2097 2098 
1591 2097 2097 2098 2098 
1591 2097 2097 2098 2098 2098 
1591 2098 2098 
1591 2098 2098 2098 
1591 2098 2098 
1591 2098 2098 2098 
1591 2098 2098 
1591 2098 2098 2098 
1591 2098 2098 2098 2098 
1591 2098 2098 
1591 2098 2098 
1591 2098 2098 2098 
1591 2098 2098 2098 2098 
1591 2098 2098 2098 2098 2098 
1591 2098 2098 2098 2098 2098 2098 
1591 2098 2098 
1591 2098 2098 2098 
1591 2098 2098 2098 2098 
1591 2098 2098 2098 2098 2098 
1591 2098 2098 2098 2098 2098 2098 
1591 2098 2099 
1591 2098 2099 2099 
1591 2098 2099 2099 2099 
1591 2098 2099 2099 2099 2099 
1591 2098 2099 2099 2099 2099 2099 
1591 2098 2099 2099 2099 2099 2099 2099 
1591 2099 2099 
1591 2099 2099 
1591 2099 2099 2099 
1591 2099 2099 
1591 2099 2099 
1591 2099 2099 2099 
1591 2099 2099 2099 2099 
1591 2099 2099 2099 2099 2099 
1591 2099 2099 2099 2099 2099 2099 
1591 2099 2099 
1591 2099 2099 
1591 2099 2099 2099 
1591 2099 2099 
1591 2099 2099 2099 
1591 2099 2099 2099 2099 
1591 2099 2099 2099 2099 2099 
1591 2099 2099 2099 2099 2099 2099 
1591 2099 2099 2099 2099 2099 2099 2099 
1591 2099 2099 
1591 2099 2099 2099 
1591 2099 2099 
1591 2099 2099 2099 
1591 2099 2099 2099 2099 
1591 2099 2099 
1591 2099 2099 2099 
1591 2099 2099 2099 2099 
1591 2099 2099 2099 2099 2099 
1591 2099 2099 
1591 2099 2099 2100 
1591 2100 2100 
1591 2100 2100 
1591 2100 2100 
1591 2100 2100 2101 
1591 2100 2100 2101 2101 
1320 1711 1711 1711 1711 
1320 1711 1711 1711 1711 1711 
1320 1711 1711 1711 1711 1711 1712 
1320 1711 1711 1711 1711 1711 1712 1712 
674 1255 1255 1255 
1155 800 800 800 
1267 409 409 409 
1505 1936 1936 1936 1936 1936 
1505 1936 1936 
1505 1936 1936 1936 
1505 1936 1936 1936 1936 
1505 1936 1936 1936 1936 1936 
1505 1936 1936 1936 1936 1936 1937 
1481 1089 1089 
352 599 599 599 
352 599 599 599 599 
981 544 544 545 
1460 1911 1911 1911 1912 
1460 1912 1912 
1146 499 499 499 
1146 499 499 499 499 
1128 1679 1679 1679 
799 378 378 378 
1295 1792 1793 1793 
713 334 334 334 
1317 1679 1679 1680 
623 1196 1197 1197 1197 
623 1196 1197 1197 1197 1197 
206 622 622 622 
1482 1423 1423 1423 1423 
1482 1423 1423 1423 1423 1423 
1482 1423 1423 1423 1423 1423 1424 
1482 1423 1423 1423 1423 1423 1424 1424 
1297 1357 1358 
1297 1357 1358 1358 
1297 1357 1358 1358 1358 
1297 1357 1358 1358 1358 1359 
1297 1357 1358 1358 1358 1359 1359 
1457 1898 1899 1899 1900 1900 
1457 1898 1899 1899 1900 1900 1900 
1457 1898 1899 1899 1900 1900 1900 1900 
1457 1898 1899 1899 1900 1900 1900 1900 1900 
1457 1898 1899 1899 1900 1900 1900 1900 1900 1900 
1356 1248 1248 1248 1249 
1356 1248 1248 1248 1249 1249 
37 175 175 175 175 
37 175 175 175 175 175 
1361 1838 1838 1838 1839 1839 
1361 1838 1838 1838 1839 1839 1839 
1361 1838 1838 1838 1839 1839 1839 1839 
1361 1838 1838 1838 1839 1839 1839 1839 1839 
1361 1838 1838 1838 1839 1839 1839 1839 1839 1839 
1361 1838 1838 1838 1839 1839 1839 1839 1839 1839 1839 
208 625 625 625 
1346 1827 1827 1827 1827 1827 
1346 1827 1827 1827 1827 1827 1827 
1346 1827 1827 1827 1827 1827 1827 1827 
1346 1827 1827 1827 1827 1827 1827 1827 1827 
1346 1827 1827 1827 1827 1827 1827 1827 1827 1827 
1346 1827 1827 1827 1827 1827 1827 1827 1827 1827 1827 
1346 1827 1827 1827 1827 1827 1827 1827 1827 1827 1827 1827 
1346 1827 1827 
1346 1827 1827 1827 
1346 1827 1827 1827 1827 
1346 1827 1827 1827 1827 1827 
1346 1827 1827 1827 1827 1827 1828 
1346 1827 1827 1827 1827 1827 1828 1829 
1346 1827 1827 1827 1827 1827 1828 1829 1829 
1346 1827 1827 1827 1827 1827 1828 1829 1829 1829 
1346 1827 1827 1827 1827 1827 1828 1829 1829 1829 1829 
1346 1827 1827 1827 1827 1827 1828 1829 1829 1829 1829 1829 
567 489 489 489 
435 958 958 959 
1270 1780 1780 
1270 1780 1780 
1270 1780 1781 
1270 1780 1781 1781 
1152 1420 1421 1421 
1154 487 487 487 
1154 487 487 487 487 
823 1407 1408 1408 1408 
823 1407 1408 1408 1408 1408 
823 1407 1408 1408 1408 1408 1408 
823 1407 1408 1408 1408 1408 1408 1409 
288 762 762 762 
1308 840 840 
1308 840 840 
1308 840 840 840 
1568 1996 1996 1996 1996 1996 1996 
1568 1996 1996 
1568 1996 1996 1996 
1568 1996 1996 
1568 1996 1996 1996 
1568 1996 1996 
1568 1996 1996 1997 
767 1353 1353 1353 
107 412 412 
107 412 412 413 
787 794 794 794 
293 60 60 60 
330 464 464 464 
834 358 358 358 
1520 1945 1945 
1520 1945 1945 
1520 1945 1945 1945 
1520 1945 1945 
1520 1945 1945 
1520 1945 1945 1945 
1520 1945 1946 
1520 1945 1946 1946 
1466 1916 1916 1916 
886 1470 1470 1471 
1579 1887 1887 1888 
1579 1887 1887 1888 1888 
712 962 962 962 
1426 1888 1888 1888 1888 
1426 1888 1888 1888 1888 1888 
1426 1888 1889 
1426 1888 1889 1889 
1205 1702 1703 1703 
1073 1103 1103 1103 
1073 1103 1103 1103 1103 
1232 1281 1281 1281 
1232 1281 1281 1281 1282 
736 127 127 
1163 1151 1151 
948 573 573 
948 573 573 574 
914 505 505 
1400 1814 1814 1815 1815 
1400 1814 1814 1815 1815 1815 
1471 1117 1117 1118 
1471 1117 1117 1118 1118 
641 679 679 680 680 
641 679 679 680 680 680 
641 679 679 680 680 680 680 
641 679 679 680 680 680 680 680 
1104 1272 1272 1272 
702 1107 1107 1108 
704 621 621 
704 621 621 621 
191 597 597 
1530 1705 1706 1706 
1486 204 204 
12 51 51 51 
12 51 51 51 51 
419 938 938 
419 938 938 938 
419 938 938 938 938 
419 938 939 
419 939 940 
1292 816 816 816 
1292 816 816 816 817 
21 113 113 113 
824 1168 1168 1168 
1337 802 802 
1337 802 802 
254 698 698 698 
254 698 698 698 698 
1545 1962 1962 1962 1962 
1545 1962 1962 1962 1962 1962 
1545 1962 1962 1962 1962 1962 1962 
1545 1962 1962 1962 1962 1962 1962 1962 
1569 2002 2003 2003 
1109 1662 1662 1662 
1571 2005 2005 2005 
1571 2005 2005 
1571 2005 2005 
1571 2005 2005 
1571 2005 2005 
1571 2005 2005 
1571 2005 2005 
1571 2005 2005 
1571 2005 2005 2005 
1571 2005 2005 2005 2006 
1571 2005 2005 2005 2006 2006 
1571 2005 2005 2005 2006 2006 2006 
1571 2005 2005 2005 2006 2006 2006 2006 
1571 2006 2006 
1571 2006 2006 
1571 2006 2006 2006 
1571 2006 2006 2006 2006 
1571 2006 2006 
1571 2006 2006 2006 
1571 2006 2006 
1571 2006 2006 
1571 2006 2006 2006 
1571 2006 2006 2006 2006 
1571 2006 2006 2006 2006 2006 
1571 2006 2006 2006 2006 2006 2006 
1571 2006 2006 2006 2006 2006 2006 2006 
1571 2006 2006 
1571 2006 2006 2006 
1571 2006 2006 
1571 2006 2006 2006 
1571 2006 2006 2006 2006 
1571 2006 2006 2006 2006 2006 
1571 2006 2006 2006 2006 2006 2006 
1571 2006 2006 2006 2006 2006 2006 2006 
1571 2006 2006 2006 2006 2006 2006 2006 2006 
1571 2007 2007 
1571 2007 2007 2007 
1571 2007 2007 
1571 2007 2007 
1571 2007 2007 
1571 2007 2007 2008 
1571 2008 2008 
1571 2008 2008 2008 
1571 2008 2008 
1571 2008 2008 2008 
1571 2008 2008 2008 2008 
1571 2008 2008 2008 2008 2008 
1571 2008 2008 2008 2008 2008 2008 
1571 2008 2008 2008 2008 2008 2008 2008 
1571 2008 2009 
1571 2008 2009 2009 
1571 2008 2009 2009 2009 
1571 2008 2009 2009 2009 2009 
1571 2008 2009 2009 2009 2009 2009 
1522 505 505 505 505 
1522 505 505 505 505 505 
616 1149 1149 1149 
1012 409 409 409 
1416 1791 1791 1791 
818 1402 1403 1403 
1260 1770 1770 1770 
1260 1770 1770 1770 1770 
1260 1770 1770 
1260 1770 1770 1770 
1260 1770 1770 
1260 1770 1770 1770 
1260 1770 1770 1770 1770 
1260 1771 1771 
1260 1771 1771 
1260 1771 1771 1771 
1260 1771 1771 
1260 1771 1771 1772 
1260 1771 1771 1772 1772 
1305 1802 1802 
1305 1802 1802 1802 
810 1395 1395 1395 1395 1395 
810 1395 1395 
810 1395 1395 1395 
810 1395 1395 1395 1395 
810 1395 1395 1395 1395 1395 
810 1395 1395 1395 1395 1395 1395 
161 530 530 531 
1075 1640 1640 1640 
1075 1640 1640 1640 1640 
1075 1640 1640 1640 1640 1640 
1075 1640 1641 
430 662 662 662 
1235 881 881 881 
1439 1897 1897 1897 
1439 1897 1897 1897 1898 
1230 1656 1656 1657 
1227 1630 1631 1631 1631 1631 1631 
1227 1630 1631 1631 1631 1631 1631 1631 
1227 1630 1631 1631 1631 1631 1631 1631 1631 
1227 1630 1631 1631 1631 1631 1631 1631 1631 1631 
1227 1630 1631 1631 1631 1631 1631 1631 1631 1631 1632 
1227 1630 1631 1631 1631 1631 1631 1631 1631 1631 1632 1632 
1080 1394 1394 1394 
85 350 350 350 
1412 1876 1877 1877 
1559 1985 1985 1985 1985 1985 
1559 1985 1985 1985 1985 1985 1985 
1559 1985 1985 
1559 1985 1985 1985 
1559 1985 1985 
1559 1985 1985 1985 
1559 1985 1985 1985 1986 
1559 1985 1985 1985 1986 1986 
1559 1986 1986 
1559 1986 1986 1986 
1559 1986 1987 
1559 1986 1987 1987 
1559 1986 1987 1987 1988 
450 621 621 621 
1099 1589 1589 1589 1590 
1099 1589 1589 1589 1590 1590 
538 1096 1096 1096 
1072 1634 1634 1635 1635 
1072 1635 1635 
1072 1635 1635 
1072 1635 1635 1635 
1072 1635 1635 1635 1635 
1072 1635 1635 
1072 1635 1635 
1072 1635 1635 1635 
1072 1635 1635 1635 1635 
1072 1636 1636 
1072 1636 1636 1636 
1072 1636 1636 
1072 1636 1636 1636 
1072 1636 1636 1636 1636 
1072 1636 1636 
1072 1636 1636 1636 
1072 1636 1636 1636 1637 
1072 1636 1636 1636 1637 1637 
1584 2031 2031 
1584 2031 2031 2031 
1584 2031 2031 2031 2032 
1584 2031 2031 2031 2032 2032 
1584 2031 2031 2031 2032 2032 2032 
1584 2032 2032 
1584 2032 2032 
1584 2032 2032 2032 
1584 2032 2032 2032 2032 
1584 2032 2032 2032 2032 2032 
1584 2032 2032 
1584 2032 2032 2032 
1584 2032 2032 2032 2033 
1584 2032 2032 2032 2033 2033 
1584 2032 2032 2032 2033 2033 2033 
541 1100 1100 1100 
1148 1697 1698 1699 
291 768 768 768 
193 235 235 235 
997 794 794 794 
845 1430 1430 1430 1430 1431 
845 1430 1430 1430 1430 1431 1431 
845 1430 1430 1430 1430 1431 1431 1431 
845 1430 1430 1430 1430 1431 1431 1431 1431 
1336 1821 1821 1821 1821 1821 1821 
1336 1821 1821 1821 1821 1821 1821 1821 
1336 1821 1821 
1336 1821 1821 1821 
1336 1821 1821 1821 1821 
1336 1821 1821 1821 1821 1822 
1336 1821 1821 1821 1821 1822 1822 
1336 1821 1821 1821 1821 1822 1822 1822 
1336 1821 1821 1821 1821 1822 1822 1822 1823 
1336 1821 1821 1821 1821 1822 1822 1822 1823 1823 
1336 1821 1821 1821 1821 1822 1822 1822 1823 1823 1824 
1336 1821 1821 1821 1821 1822 1822 1822 1823 1823 1824 1824 
1336 1821 1821 1821 1821 1822 1822 1822 1823 1823 1824 1824 1825 
1336 1821 1821 1821 1821 1822 1822 1822 1823 1823 1824 1824 1825 1825 
1336 1821 1821 1821 1821 1822 1822 1822 1823 1823 1824 1824 1825 1825 1826 
1336 1821 1821 1821 1821 1822 1822 1822 1823 1823 1824 1824 1825 1825 1826 1826 
1336 1821 1821 1821 1821 1822 1822 1822 1823 1823 1824 1824 1825 1825 1826 1826 1826 
851 410 410 410 
851 410 410 410 410 
1474 1254 1254 
305 791 791 791 
1352 1359 1359 1359 1359 1359 
1352 1359 1359 1359 1359 1359 1359 
1352 1359 1359 1359 1359 1359 1359 1359 
1352 1359 1359 1359 1359 1359 1359 1359 1359 
361 576 576 576 
361 576 576 576 576 
188 590 591 591 
1383 1852 1852 1852 
1383 1852 1852 1852 1852 
241 681 681 681 681 681 
241 681 681 681 681 681 681 
241 681 681 681 681 681 681 681 
241 681 681 681 681 681 681 681 681 
1138 1688 1688 
1138 1689 1689 
1138 1689 1689 
1138 1689 1689 1689 
1509 1175 1175 1175 
190 595 595 
190 595 595 596 
1422 863 863 863 863 
1422 863 863 863 863 863 
276 735 735 735 
276 735 735 735 735 
274 477 477 
918 1494 1494 1494 
1484 1923 1923 
1484 1923 1923 1923 
1484 1923 1923 1923 1923 
1484 1923 1923 1923 1923 1923 
1484 1923 1923 1923 1923 1923 1923 
1484 1923 1923 1923 1923 1923 1923 1923 
1484 1923 1923 1923 1923 1923 1923 1923 1924 
1484 1924 1924 
1484 1924 1924 1924 
1484 1924 1924 1924 1924 
1484 1924 1924 
1484 1924 1924 1924 
1484 1924 1924 1924 1924 
1484 1924 1925 
1484 1924 1925 1925 
1484 1924 1925 1925 1925 
1484 1924 1925 1925 1925 1925 
1484 1924 1925 1925 1925 1925 1925 
1484 1924 1925 1925 1925 1925 1925 1925 
1484 1924 1925 1925 1925 1925 1925 1925 1925 
1484 1924 1925 1925 1925 1925 1925 1925 1925 1925 
1484 1924 1925 1925 1925 1925 1925 1925 1925 1925 1925 
1484 1925 1925 
1484 1925 1925 1925 
1484 1925 1925 1925 1925 
1484 1925 1926 
949 1533 1533 
949 1533 1533 1534 
421 428 428 428 
421 428 428 428 428 
1286 1452 1452 1452 1452 
1286 1452 1452 1452 1452 1452 
662 581 581 581 
756 765 765 
716 610 610 610 
4 37 37 37 
923 1499 1499 
923 1499 1499 1500 
923 1499 1499 1500 1500 
923 1500 1500 
1211 1732 1732 1732 1732 
1211 1732 1732 1732 1732 1732 
1211 1732 1733 
1211 1732 1733 1733 
1211 1732 1733 1733 1733 
1211 1734 1734 
1211 1734 1734 1734 
1211 1734 1734 1734 1734 
1211 1734 1734 1734 1734 1735 
1211 1734 1734 1734 1734 1735 1735 
1211 1734 1734 1734 1734 1735 1735 1736 
1211 1734 1734 1734 1734 1735 1735 1736 1736 
440 964 964 964 
440 964 964 964 965 
440 965 965 
440 965 965 965 
398 261 261 261 
398 261 261 261 261 
1024 1342 1343 1343 
1427 1624 1624 1625 1626 1626 
1427 1624 1624 1625 1626 1626 1626 
1427 1624 1624 1625 1626 1626 1626 1626 
1427 1624 1624 1625 1626 1626 1626 1626 1626 
1449 1212 1212 
534 1090 1090 1091 
461 226 226 
461 226 226 226 
1345 1713 1714 1715 
1217 750 750 750 
81 338 338 338 
933 545 545 545 
1050 858 858 858 
383 775 775 775 
295 773 773 773 
225 409 409 409 
452 165 165 165 
596 993 993 993 993 
596 993 993 993 993 993 
727 504 504 504 
944 1148 1148 1148 
944 1148 1148 1148 1148 
735 1160 1160 1160 1160 
735 1160 1160 1160 1160 1160 
579 1147 1148 
113 423 423 423 
113 423 423 423 423 
1315 1807 1808 
1315 1807 1808 1808 
1315 1807 1808 1808 1809 
475 1016 1016 1016 
137 244 244 244 
1284 1357 1357 1357 1357 
1284 1357 1357 1357 1357 1357 
1284 1357 1357 1357 1357 1357 1357 
1372 1849 1849 
1372 1849 1849 1849 
1372 1849 1849 1849 1849 
1372 1849 1849 
1372 1849 1849 
1372 1849 1849 1849 
1372 1849 1849 1849 1849 
1372 1849 1849 
1372 1849 1849 1849 
1372 1849 1849 1849 1849 
1372 1849 1849 1849 1849 1850 
1372 1849 1849 1849 1849 1850 1850 
1414 1535 1535 1535 
431 857 857 857 
431 857 857 857 858 
545 1108 1108 1109 1109 
545 1108 1108 1109 1109 1109 
692 1278 1278 1278 
1391 1343 1343 1343 
1391 1343 1343 
1391 1343 1343 1343 
1391 1343 1343 
1391 1343 1343 1343 
1391 1343 1343 
1391 1343 1343 1343 
1391 1343 1343 
1391 1343 1343 
1391 1343 1343 
1391 1343 1343 1344 
215 621 621 
698 1283 1283 1284 
1401 1836 1837 1837 
1401 1836 1837 1837 1837 
1445 1902 1902 1902 
1445 1902 1902 1902 1903 
1445 1902 1902 1902 1903 1903 
870 582 582 
1180 1592 1592 1593 1593 
1180 1592 1592 1593 1593 1593 
1180 1592 1592 1593 1593 1593 1593 
1180 1592 1592 1593 1593 1593 1593 1593 
339 836 836 836 
339 836 836 836 836 
1523 1764 1764 1765 
1523 1764 1764 1765 1765 
1237 1751 1752 1752 
1208 1727 1727 1727 
768 1268 1268 1268 1269 
768 1268 1268 1268 1269 1269 
768 1268 1268 1268 1269 1269 1269 
768 1268 1268 1268 1269 1269 1269 1269 
22 116 116 116 
640 1229 1229 
1161 922 922 922 
177 572 572 572 
247 233 233 233 
247 233 233 233 233 
281 745 745 745 
1351 1201 1201 
1351 1201 1201 1201 
1351 1201 1201 1201 1201 
1351 1201 1201 1201 1201 1201 
1351 1201 1201 1201 1201 1201 1202 
1351 1202 1202 
1088 559 559 559 
874 1453 1453 1453 
874 1453 1453 1453 1454 
874 1454 1455 
518 1064 1064 1064 
518 1064 1064 1064 1064 
990 1126 1126 1126 
263 95 95 
263 95 95 
1062 878 878 878 878 
1062 878 878 878 878 878 
1062 878 878 878 878 878 878 
5 39 40 
1041 484 484 484 
1281 1787 1787 1787 1787 1787 
1281 1787 1787 1787 1787 1787 1787 
1281 1787 1787 1787 1787 1787 1787 1788 
1281 1787 1787 1787 1787 1787 1787 1788 1788 
1281 1787 1787 1787 1787 1787 1787 1788 1788 1788 
1281 1787 1787 1787 1787 1787 1787 1788 1788 1788 1788 
1454 1908 1908 
1454 1908 1908 1908 
1454 1908 1908 
1454 1908 1908 1908 
1454 1908 1909 
1454 1908 1909 1909 
1454 1908 1909 1909 1909 
1454 1908 1909 1909 1909 1909 
1454 1908 1909 1909 1909 1909 1909 
853 955 955 955 
446 972 972 
446 972 972 972 
446 972 972 972 972 
446 972 972 972 972 972 
1551 1638 1638 1638 1638 1638 
1551 1638 1638 1638 1638 1638 1638 
1551 1638 1638 1638 1638 1638 1638 1638 
1551 1638 1638 1638 1638 1638 1638 1638 1639 
1302 1797 1797 1797 1797 
1302 1797 1798 
1302 1797 1798 1798 
1302 1798 1799 
916 355 355 355 355 
916 355 355 355 355 355 
828 1413 1413 1413 1414 
828 1413 1413 1413 1414 1414 
828 1413 1413 1413 1414 1414 1414 
828 1413 1413 1413 1414 1414 1414 1414 
832 1047 1047 1047 
1432 1306 1306 1307 1307 
1432 1306 1306 1307 1307 1307 
400 148 148 148 
1032 1520 1520 1521 
986 1266 1266 1266 
893 1477 1477 1477 
893 1477 1477 
893 1477 1477 
893 1477 1477 
893 1477 1477 
893 1477 1477 
893 1477 1477 
1429 1288 1288 1288 
946 1532 1532 1532 
946 1532 1532 1532 1533 
1185 1712 1712 1712 
1185 1712 1712 1712 1713 
1340 1762 1762 1762 
1340 1762 1762 1762 1762 
1430 750 750 750 
970 933 933 933 933 
970 933 933 933 933 933 
757 1340 1341 1341 1341 
757 1340 1341 1341 1341 1341 
1512 1940 1940 
1512 1940 1940 
228 661 661 661 
1407 1261 1262 1262 
1407 1261 1262 1262 1262 
1036 1374 1374 1374 
1390 1860 1860 
1390 1860 1860 
1390 1860 1860 
1390 1860 1860 
1390 1860 1860 
1390 1860 1860 
1390 1860 1860 
1390 1860 1860 1860 
1390 1860 1860 1860 1860 
1390 1860 1860 
1390 1861 1861 
1390 1861 1861 
1390 1861 1861 1862 
865 621 621 621 
332 823 823 
1122 149 149 149 
1124 458 458 458 
673 1253 1254 1254 
673 1253 1254 1254 1254 
791 787 787 787 
1366 1843 1843 1843 
969 156 156 156 
849 606 606 606 
849 606 606 606 606 
1191 1717 1717 1717 
1191 1717 1717 
1191 1717 1717 1717 
1191 1717 1717 1717 1717 
1191 1717 1717 
1191 1717 1717 
1191 1717 1717 
1191 1717 1717 1717 
1191 1717 1717 1717 1717 
1191 1717 1717 1717 1717 1717 
1191 1717 1717 1717 1717 1717 1717 
798 1018 1018 1018 
922 1154 1154 1154 
627 1210 1211 1211 
238 680 680 680 
1517 1741 1741 1741 
1517 1741 1741 1741 1741 
907 1137 1137 1137 
907 1137 1137 1137 1137 
897 654 654 654 
897 654 654 654 654 
943 1529 1530 
943 1529 1530 1530 
1417 1490 1490 1490 
778 1172 1172 1173 
1047 1618 1618 1618 1619 1619 1619 1619 1619 
1047 1618 1618 1618 1619 1619 1619 1619 1619 1619 
1047 1618 1618 1618 1619 1619 1619 1619 1619 1619 1619 
1047 1618 1618 1618 1619 1619 1619 1619 1619 1619 1619 1619 
1047 1618 1618 1618 1619 1619 1619 1619 1619 1619 1619 1619 1619 
1047 1618 1618 1618 1619 1619 1619 1619 1619 1619 1619 1619 1619 1619 
1047 1618 1618 1618 1619 1619 1619 1619 1619 1619 1619 1619 1619 1619 1620 
1047 1618 1618 1618 1619 1619 1619 1619 1619 1619 1619 1619 1619 1619 1620 1620 
1047 1618 1618 1618 1619 1619 1619 1619 1619 1619 1619 1619 1619 1619 1620 1620 1620 
1047 1618 1618 1618 1619 1619 1619 1619 1619 1619 1619 1619 1619 1619 1620 1620 1620 1620 
1047 1618 1618 1618 1619 1619 1619 1619 1619 1619 1619 1619 1619 1619 1620 1620 1620 1620 1620 
1047 1618 1618 1618 1619 1619 1619 1619 1619 1619 1619 1619 1619 1619 1620 1620 1620 1620 1620 1620 
1047 1618 1618 1618 1619 1619 1619 1619 1619 1619 1619 1619 1619 1619 1620 1620 1620 1620 1620 1620 1620 
1068 965 965 966 
1070 1221 1221 1221 
1408 1405 1405 
659 752 752 752 
150 509 509 
150 510 510 
150 510 510 510 
150 510 510 
150 510 510 
996 646 646 646 
1018 1103 1103 1103 
800 337 338 
800 337 338 338 
1085 1096 1096 1096 
1241 1754 1754 
1241 1754 1754 1754 
1241 1754 1754 1754 1754 
1241 1754 1754 1754 1754 1755 
434 880 880 880 880 
434 880 880 880 880 880 
434 880 880 880 880 880 880 
1202 1161 1161 1161 1161 
1202 1161 1161 1161 1161 1161 
1202 1161 1161 1161 1161 1161 1161 
544 1105 1105 1106 1106 
544 1105 1105 1106 1106 1106 
544 1105 1105 1106 1106 1106 1106 
73 310 310 311 
277 738 738 738 
212 632 633 633 
1492 1930 1930 
1492 1930 1930 1930 
1492 1930 1930 
1492 1930 1930 1930 
1492 1931 1931 
1492 1931 1931 
1492 1931 1931 
1492 1931 1931 1931 
1492 1931 1931 
1492 1931 1931 1931 
1492 1931 1931 
1492 1931 1931 1931 
1492 1931 1931 1931 1931 
1492 1931 1931 1931 1931 1931 
1377 1850 1850 1851 
1378 767 767 767 
1379 1204 1204 
1379 1204 1204 
1379 1204 1204 
1379 1204 1204 
35 168 168 168 168 
35 168 168 168 168 168 
35 168 168 168 168 168 168 
35 168 168 168 168 168 168 168 
1301 1795 1796 1796 
1301 1795 1796 1796 1797 
1301 1795 1796 1796 1797 1797 
1301 1795 1796 1796 1797 1797 1797 
306 571 571 571 
1402 1870 1870 1870 
1402 1870 1870 1870 1870 
1402 1870 1870 
1402 1870 1870 
1402 1871 1871 
1402 1871 1872 
930 1509 1509 
781 1362 1362 1362 
733 931 931 931 
790 1372 1372 
790 1372 1372 1372 
790 1372 1372 1372 1372 
1243 1756 1756 1756 
1243 1756 1756 1756 1756 
1229 1747 1747 1747 1748 1748 1748 
1229 1747 1747 1747 1748 1748 1748 1748 
1229 1747 1747 1747 1748 1748 1748 1748 1748 
1229 1747 1747 1747 1748 1748 1748 1748 1748 1748 
1229 1747 1747 1747 1748 1748 1748 1748 1748 1748 1748 
1229 1748 1748 
1451 1145 1145 1145 
1031 1602 1602 1602 1602 1602 
1031 1602 1602 1602 1602 1602 1603 
1031 1602 1602 1602 1602 1602 1603 1603 
1031 1602 1602 1602 1602 1602 1603 1603 1603 
1013 1586 1586 1586 1586 
1013 1586 1586 1586 1586 1586 
1013 1586 1586 1586 1586 1586 1586 
1013 1586 1586 1586 1586 1586 1586 1586 
1385 1855 1855 1855 1855 1855 
1385 1855 1856 
1385 1856 1857 
1385 1856 1857 1858 
670 1074 1074 
670 1074 1074 1074 
1369 821 821 821 821 
1369 821 821 821 821 821 
89 359 359 359 
503 85 85 85 
503 85 85 85 85 
234 673 673 673 
753 103 103 103 
1256 1767 1767 1768 
926 1503 1503 1503 
873 1325 1325 1325 1326 
873 1325 1325 1325 1326 1326 
654 1026 1026 1026 
654 1026 1026 1026 1026 
301 785 786 786 
1095 442 442 443 
271 729 729 729 729 
271 729 729 729 729 729 
271 729 729 729 729 729 729 
271 729 729 729 729 729 729 729 
1500 1920 1921 1922 
530 486 486 486 
530 486 486 486 486 
788 1368 1368 1368 
154 518 518 518 
1135 1685 1685 1685 
1375 1297 1297 1297 
1342 1700 1700 1700 
1342 1700 1700 1700 1700 
537 861 861 861 
381 893 893 893 
837 1421 1422 1422 1422 1422 
837 1421 1422 1422 1422 1422 1422 
837 1421 1422 1422 1422 1422 1422 1423 
837 1421 1422 1422 1422 1422 1422 1423 1423 
837 1421 1422 1422 1422 1422 1422 1423 1423 1423 
27 133 133 133 
278 67 67 67 
278 67 67 67 67 
1423 1882 1882 
1423 1882 1882 
1423 1882 1882 
1423 1882 1882 1883 
1423 1882 1882 1883 1883 
1423 1883 1883 
1423 1883 1883 
1423 1883 1883 
1423 1883 1883 1883 
1423 1883 1883 1883 1883 
1423 1883 1883 
1423 1883 1883 
1423 1883 1883 
1423 1883 1883 1883 
1423 1883 1883 
1423 1883 1883 1883 
1423 1883 1883 
1423 1883 1883 1883 
1423 1883 1883 
1423 1883 1883 1883 
1423 1883 1884 
1423 1883 1884 1884 
1423 1883 1884 1884 1884 
1423 1884 1884 
1423 1884 1884 1884 
1423 1884 1884 1884 1884 
1423 1884 1884 1884 1884 1884 
1423 1884 1884 
1423 1884 1885 
369 878 878 878 
369 878 878 878 878 
1009 1273 1273 
1025 1600 1600 1600 1601 1601 
1025 1600 1600 1600 1601 1601 1601 
1025 1600 1600 1600 1601 1601 1601 1601 
1025 1600 1600 1600 1601 1601 1601 1601 1601 
1025 1600 1600 1600 1601 1601 1601 1601 1601 1602 
1182 1710 1710 1710 1710 
1182 1710 1710 1710 1710 1711 
1214 1737 1738 1738 1739 
1214 1737 1738 1738 1739 1739 
900 499 499 499 
900 499 499 499 499 
75 323 323 323 
1065 1345 1346 1346 
1409 1288 1288 1288 
504 1048 1048 1048 
504 1048 1048 1048 1048 
1189 748 748 748 
582 477 477 477 
462 459 459 459 
495 1032 1033 1033 1033 
495 1032 1033 1033 1033 1033 
495 1032 1033 1033 1033 1033 1033 
1404 1616 1616 1616 1617 1617 
1404 1616 1616 1616 1617 1617 1617 
1404 1616 1616 1616 1617 1617 1617 1618 
1404 1616 1616 1616 1617 1617 1617 1618 1618 
1404 1616 1616 1616 1617 1617 1617 1618 1618 1618 
1404 1616 1616 1616 1617 1617 1617 1618 1618 1618 1618 
115 116 116 
115 116 116 116 
653 1242 1243 1243 1243 
653 1242 1243 1243 1243 1244 
1322 1815 1815 1815 1815 
1322 1815 1815 1815 1815 1816 
1322 1815 1815 1815 1815 1816 1816 
750 1331 1331 1331 1331 
750 1331 1331 1331 1331 1331 
750 1331 1331 1331 1331 1331 1331 
748 622 622 622 
56 239 239 239 
1420 1880 1880 1880 
1420 1880 1880 
1420 1880 1880 
1420 1880 1880 
1420 1880 1880 1881 
1420 1881 1881 
1420 1881 1881 1881 
1420 1881 1881 1881 1881 
1420 1881 1881 
1420 1881 1881 1881 
1420 1881 1881 
1420 1881 1881 1881 
1420 1881 1882 
927 116 116 116 116 
927 116 116 116 116 116 
927 116 116 116 116 116 116 
927 116 116 116 116 116 116 116 
555 1115 1115 1115 
555 1115 1116 
555 1115 1116 1116 
555 1115 1116 1116 1116 
681 1001 1001 1001 
708 904 904 905 
308 541 542 542 
308 541 542 542 542 
591 92 92 
924 1501 1502 1502 
924 1501 1502 1502 1502 
924 1501 1502 1502 1502 1502 
1495 1917 1917 1917 1917 1917 1917 
1495 1917 1917 
1495 1917 1917 1917 
1495 1917 1917 1917 1918 
1495 1917 1917 1917 1918 1919 
1495 1917 1917 1917 1918 1919 1919 
581 358 358 358 
581 358 358 358 358 
628 1215 1216 
521 1070 1070 1070 
521 1070 1070 1070 1070 
42 198 198 198 
42 198 198 198 198 
465 1006 1007 1008 
465 1006 1007 1008 1008 
1368 1846 1846 1846 1847 1847 1847 
1368 1846 1846 1846 1847 1847 1847 1848 
1368 1846 1846 1846 1847 1847 1847 1848 1848 
1368 1846 1846 1846 1847 1847 1847 1848 1848 1848 
1368 1848 1848 
1368 1848 1848 1848 
1224 1744 1744 1744 1744 
1224 1744 1744 1744 1744 1745 
645 1233 1233 
645 1233 1233 
617 1045 1045 
1311 1804 1805 1805 
1311 1804 1805 1805 1805 
1311 1805 1805 
1311 1805 1805 1805 
1311 1805 1805 1805 1805 
1311 1805 1805 1805 1805 1805 
782 1363 1363 1363 
1355 1163 1164 1164 
1355 1163 1164 1164 1164 
1490 1928 1928 
1490 1928 1928 1928 
1490 1928 1928 
1490 1928 1928 
1490 1928 1928 
1490 1928 1928 
1490 1928 1928 1928 
1490 1928 1928 1928 1928 
1490 1928 1929 
1490 1928 1929 1929 
1490 1929 1929 
1490 1929 1929 1929 
1490 1929 1929 1929 1929 
1490 1929 1929 1929 1929 1929 
1490 1929 1929 1929 1929 1929 1929 
1490 1929 1929 
1490 1929 1929 1929 
1490 1929 1929 1929 1929 
126 462 462 463 
536 1092 1092 
536 1092 1092 1092 
536 1092 1092 1092 1092 
536 1092 1093 
528 1082 1082 1082 
528 1082 1082 1082 1083 
1108 1116 1116 1116 
514 812 812 813 
514 812 812 813 813 
721 1304 1304 1304 
1222 1742 1742 
1222 1742 1742 1743 
1222 1742 1742 1743 1744 
1531 1431 1431 1431 1431 1431 1431 
1531 1431 1431 1431 1431 1431 1431 1431 
1531 1431 1431 1431 1431 1431 1431 1431 1432 
1531 1431 1431 1431 1431 1431 1431 1431 1432 1432 
1531 1431 1431 1431 1431 1431 1431 1431 1432 1432 1432 
1531 1431 1431 1431 1431 1431 1431 1431 1432 1432 1432 1432 
1531 1431 1431 1431 1431 1431 1431 1431 1432 1432 1432 1432 1433 
1162 1703 1703 1703 
1162 1703 1703 
1162 1703 1704 
1162 1703 1704 1704 
1162 1703 1704 1704 1704 
279 741 742 742 
1312 1806 1806 1806 1806 
1312 1806 1806 
49 221 221 221 221 
49 221 221 221 221 221 
407 817 817 817 817 
407 817 817 817 817 817 
407 817 817 817 817 817 817 
407 817 817 817 817 817 817 817 
38 178 178 178 179 
38 178 178 178 179 179 
38 178 178 178 179 179 179 
745 1327 1327 1327 1327 
745 1327 1327 
745 1327 1327 1328 
1053 1373 1373 1373 1373 1373 
1053 1373 1373 1373 1373 1373 1374 
1053 1373 1373 1373 1373 1373 1374 1374 
1053 1373 1373 1373 1373 1373 1374 1374 1374 
232 670 670 670 
1465 1437 1438 
751 1335 1335 1335 
773 616 616 616 
169 122 122 122 
631 167 167 167 
1226 994 994 994 994 
1226 994 994 994 994 994 
92 369 369 370 370 
92 370 371 
92 370 371 371 
512 1058 1058 
117 438 438 
117 439 439 
876 1457 1457 1457 1457 
876 1457 1457 1457 1457 1458 
876 1457 1457 1457 1457 1458 1458 
876 1457 1457 1457 1457 1458 1458 1458 
978 1556 1556 1556 
978 1556 1556 1556 1556 
390 541 541 541 541 
390 541 541 541 541 541 
390 541 541 541 541 541 541 
455 989 990 991 
455 989 990 991 991 
1121 1674 1674 1674 1674 
1121 1674 1674 1674 1674 1674 
1121 1674 1674 1674 1674 1674 1674 
527 1079 1080 
328 819 819 819 
328 819 819 
328 819 819 819 
328 819 819 819 820 
328 819 819 819 820 820 
328 819 819 819 820 820 820 
328 819 819 819 820 820 820 820 
142 494 494 494 
415 935 935 935 
777 1357 1357 1357 
1231 1749 1750 1750 
908 1486 1487 1487 
908 1486 1487 1487 1487 
847 132 132 132 
882 280 280 280 
785 723 723 723 723 
785 723 723 723 723 723 
785 723 723 723 723 723 723 
1555 1982 1982 
1555 1982 1982 1982 
1555 1982 1982 1982 1982 
1555 1982 1982 
1555 1982 1982 1982 
1555 1982 1982 
1555 1982 1982 1982 
1555 1982 1982 
1555 1982 1982 1982 
1555 1982 1982 1982 1983 
1555 1982 1982 1982 1983 1983 
1555 1982 1982 1982 1983 1983 1983 
1555 1982 1982 1982 1983 1983 1983 1983 
1555 1982 1982 1982 1983 1983 1983 1983 1983 
1555 1982 1982 1982 1983 1983 1983 1983 1983 1983 
1130 1680 1681 1681 
1130 1680 1681 1681 1681 
1130 1680 1681 1681 1681 1681 
1130 1680 1681 1681 1681 1681 1682 
1039 1611 1611 1612 1612 1612 1612 
1039 1611 1611 1612 1612 1612 1612 1612 
1039 1611 1611 1612 1612 1612 1612 1612 1612 
1039 1611 1611 1612 1612 1612 1612 1612 1612 1612 
1039 1611 1611 1612 1612 1612 1612 1612 1612 1612 1613 
1039 1611 1611 1612 1612 1612 1612 1612 1612 1612 1613 1613 
1039 1611 1611 1612 1612 1612 1612 1612 1612 1612 1613 1613 1614 
1101 1658 1658 
1101 1659 1659 
829 1415 1415 1416 1416 1417 
829 1415 1415 1416 1416 1417 1417 
829 1415 1415 1416 1416 1417 1417 1417 
829 1415 1415 1416 1416 1417 1417 1417 1417 
829 1415 1415 1416 1416 1417 1417 1417 1417 1417 
220 649 649 
32 154 154 154 
632 1219 1219 1219 1219 
632 1219 1219 
632 1219 1219 1220 
236 677 677 677 
1100 1657 1657 
1100 1657 1657 1658 
879 1029 1029 1029 
879 1029 1029 1029 1030 
1054 751 751 751 
1034 1369 1369 
1034 1369 1369 
1034 1369 1369 1369 
1034 1369 1369 1369 1369 
1034 1369 1369 
1034 1369 1369 1369 
1034 1369 1370 
1034 1369 1370 1370 
1034 1369 1370 1370 1370 
1034 1369 1370 1370 1370 1370 
1034 1369 1370 1370 1370 1370 1371 
775 811 811 
775 811 811 811 
1280 1786 1786 
1280 1786 1786 1786 
1280 1786 1786 
1280 1786 1787 
326 815 815 815 
326 815 815 815 815 
766 1335 1335 1335 
766 1335 1335 1335 1335 
496 1036 1036 1037 
366 170 170 170 
312 775 775 775 
312 775 775 775 776 
100 396 396 397 
100 396 396 397 397 
678 1258 1259 1259 
410 927 927 
410 927 927 927 
410 927 928 
1353 815 815 
1353 815 815 815 
1367 1845 1845 1846 
1367 1845 1845 1846 1846 
1367 1845 1845 1846 1846 1846 
1367 1845 1845 1846 1846 1846 1846 
844 1257 1257 1257 
1324 950 951 
1179 682 682 682 
1179 682 682 
1179 682 682 
743 1320 1321 1321 
643 1231 1231 1232 1232 
643 1231 1231 1232 1232 1232 
643 1231 1231 1232 1232 1232 1232 
626 491 491 491 
707 1291 1291 1292 
707 1292 1292 
707 1292 1292 1292 
707 1292 1292 1292 1292 
707 1292 1292 1292 1292 1292 
707 1292 1292 1292 1292 1292 1292 
298 748 748 748 
259 705 705 706 706 
259 705 705 706 706 706 
594 1167 1167 1168 1168 
594 1167 1167 1168 1168 1168 
594 1167 1167 1168 1168 1168 1168 
66 280 280 280 
66 280 280 280 280 
199 542 542 542 542 
199 542 542 542 542 542 
199 542 542 542 542 542 542 
152 513 514 
428 954 954 954 954 
428 954 954 954 954 954 
1538 1953 1953 
1538 1953 1953 1954 
1538 1953 1953 1954 1954 
1538 1953 1953 1954 1954 1954 
1538 1953 1953 1954 1954 1954 1954 
1538 1954 1954 
1538 1954 1954 
1538 1954 1954 
1538 1954 1954 1954 
1538 1954 1954 
1538 1954 1954 
1538 1955 1955 
1538 1955 1955 
779 1359 1359 1359 
299 777 777 777 
299 777 777 777 777 
387 379 379 
762 1344 1345 1345 
470 484 484 484 
264 716 716 717 
264 716 716 717 717 
868 1418 1419 1419 
268 721 721 721 
459 996 997 
1192 1168 1168 1168 1168 
1192 1168 1168 1168 1168 1169 
958 1541 1541 
958 1541 1541 
958 1541 1541 1541 
958 1541 1542 
958 1541 1542 1542 
958 1542 1542 
958 1542 1542 1542 
958 1542 1542 
958 1542 1542 
348 850 851 851 
867 1445 1446 1446 1446 1446 
867 1445 1446 1446 1446 1446 1447 
867 1445 1446 1446 1446 1446 1447 1447 
867 1445 1446 1446 1446 1446 1447 1447 1447 
867 1445 1446 1446 1446 1446 1447 1447 1447 1447 
867 1445 1446 1446 1446 1446 1447 1447 1447 1447 1447 
812 1398 1398 1398 1399 
812 1398 1398 1398 1399 1399 
812 1398 1398 1398 1399 1399 1400 
502 474 474 474 
502 474 474 474 474 
625 1205 1205 1205 
625 1205 1205 1205 1205 
334 825 826 
334 825 826 826 
637 820 820 820 820 820 
637 820 820 820 820 820 820 
637 820 820 820 820 820 820 820 
637 820 820 820 820 820 820 820 820 
637 820 820 820 820 820 820 820 820 820 
1431 1892 1892 1892 
1431 1892 1892 
1431 1892 1892 
1431 1892 1892 1892 
1431 1892 1893 
1221 1673 1673 1673 
1079 1647 1648 1648 
325 409 409 409 409 
325 409 409 
325 409 409 409 
325 409 409 409 409 
141 492 492 492 
587 1155 1155 1155 
587 1155 1156 
515 1061 1062 1062 
130 470 470 470 470 
130 470 470 470 470 470 
987 1567 1567 
987 1567 1567 
987 1567 1567 
987 1567 1567 1567 
987 1567 1568 
987 1567 1568 1568 
987 1568 1568 
1263 1775 1775 1776 
1263 1775 1775 1776 1777 
994 1384 1384 1384 1384 
994 1384 1384 1384 1384 1384 
909 1487 1487 1488 1488 
909 1488 1489 
909 1488 1489 1489 
1131 1682 1683 
1131 1682 1683 1683 
864 1443 1443 1443 1443 
864 1443 1444 
864 1443 1444 1444 
864 1443 1444 1444 1444 
864 1443 1444 1444 1444 1444 
883 1463 1463 
883 1463 1463 
883 1463 1463 1464 
883 1463 1463 1464 1464 
255 699 699 
173 563 563 563 563 
173 563 563 563 563 563 
173 563 563 563 563 563 563 
173 563 563 563 563 563 563 564 
1165 1704 1705 1705 
793 1197 1197 1198 
411 929 929 
176 570 570 570 570 
176 570 570 
176 570 570 570 
176 570 570 
176 570 570 
249 692 692 692 
249 692 692 692 692 
441 966 966 
441 966 966 966 
441 966 966 966 966 
235 675 675 675 676 
235 675 675 675 676 676 
1153 1699 1699 1699 
1153 1699 1699 
1153 1699 1699 1699 
1153 1699 1699 
728 1310 1310 1311 
737 1317 1318 
737 1318 1319 
569 1078 1078 
569 1078 1078 1078 
816 723 723 723 
816 723 723 723 723 
338 835 835 
338 835 835 835 
489 811 811 
568 1128 1128 1128 1129 
568 1129 1129 
568 1129 1129 1130 
568 1129 1129 1130 1130 
529 1083 1084 
529 1083 1084 1084 
370 882 882 882 
405 921 921 
405 921 921 
405 921 921 
405 921 921 922 
497 1041 1041 
497 1041 1041 1041 
962 1277 1277 1277 
1278 1349 1349 
1278 1349 1349 1349 
1278 1349 1349 1349 1349 
1278 1349 1349 1349 1349 1349 
1278 1349 1349 1349 1349 1349 1349 
1278 1349 1349 1349 1349 1349 1349 1350 
1278 1349 1349 1349 1349 1349 1349 1350 1350 
904 1482 1482 1482 1482 
904 1483 1483 
904 1483 1483 1483 
904 1483 1483 1483 1483 
904 1483 1483 1483 1483 1483 
904 1483 1483 1483 1483 1483 1484 
