1,0,0,0 1,1,0,0 1,2,0,0 16,1,0,0 16,3,0,0 18,0,1,0 18,4,1,0 18,5,1,0 19,6,2,0 19,7,1,0 19,4,1,0 20,8,1,0 
14,0,0,0 19,9,1,0 
14,0,0,0 19,9,1,0 19,4,1,0 
1,4,1,0 1,10,1,1 
1,4,1,0 1,10,1,1 2,11,1,0 
1,4,1,0 1,10,1,1 2,11,1,0 13,0,0,0 
1,4,1,0 1,10,1,1 2,11,1,0 13,0,0,0 22,12,3,0 
14,0,1,0 23,13,1,0 
14,0,1,0 23,13,1,0 23,4,1,0 
14,0,1,0 23,13,1,0 23,4,1,0 23,0,1,0 
12,0,2,0 19,5,1,1 
12,0,2,0 19,5,1,1 19,10,1,0 
12,0,2,0 19,5,1,1 19,10,1,0 22,10,1,1 
12,0,2,0 19,5,1,1 19,10,1,0 22,10,1,1 22,2,1,1 
18,1,1,0 18,5,1,0 
18,1,1,0 18,5,1,0 21,4,1,0 
0,10,1,1 0,10,1,1 
0,10,1,1 0,10,1,1 1,14,2,0 
0,10,1,1 0,10,1,1 1,14,2,0 17,12,2,0 
0,10,1,1 0,10,1,1 1,14,2,0 17,12,2,0 17,4,2,0 
12,0,2,0 12,5,2,0 
18,5,2,0 18,19,2,0 22,19,0,0 
3,8,0,0 20,16,1,0 
3,8,0,0 20,16,1,0 20,15,1,1 
4,7,4,0 5,16,1,0 
4,7,4,0 5,16,1,0 19,26,5,0 
4,7,4,0 5,16,1,0 19,26,5,0 21,15,1,1 
11,15,1,1 21,17,1,1 
21,5,0,0 21,19,0,0 
11,15,1,1 21,15,1,1 
11,15,1,1 21,17,1,1 
11,15,1,1 21,15,1,1 
22,22,0,0 22,27,0,0 
22,22,0,0 22,27,0,0 22,17,0,0 
22,22,0,0 22,27,0,0 22,17,0,0 22,8,0,0 
17,26,5,0 21,17,0,0 
18,16,1,0 19,19,2,0 
21,15,1,1 21,17,1,1 
21,20,0,1 21,28,0,1 
18,19,2,0 19,29,1,1 
18,19,2,0 19,29,1,1 19,15,1,1 
11,15,4,0 21,15,1,1 
19,30,2,0 19,15,1,1 
18,20,1,1 19,20,0,1 
18,20,1,1 19,20,0,1 19,28,0,1 
21,15,1,1 21,17,1,1 
11,15,1,1 21,15,1,1 
21,29,1,1 21,15,1,1 
11,15,1,1 21,18,0,0 
11,15,1,1 21,18,0,0 21,17,0,0 
18,20,1,1 18,19,2,0 
18,20,1,1 18,19,2,0 20,15,1,1 
17,31,3,1 17,28,3,1 
20,17,1,1 21,15,1,1 
19,28,0,1 19,20,0,1 
3,8,0,0 16,16,1,0 
3,8,0,0 16,16,1,0 17,20,5,1 
3,8,0,0 16,16,1,0 17,20,5,1 18,32,6,1 
3,8,0,0 16,16,1,0 17,20,5,1 18,32,6,1 20,19,0,0 
18,19,2,0 20,22,0,0 
18,19,2,0 20,22,0,0 20,23,0,0 
3,17,0,0 21,19,0,0 
1,28,7,0 15,34,1,0 
0,34,1,0 17,34,1,0 
18,16,1,0 18,20,0,1 
0,38,8,0 4,14,8,0 
4,39,6,0 6,7,6,0 
4,39,6,0 6,7,6,0 19,16,1,0 
3,5,7,0 23,33,2,0 
1,28,5,0 1,40,5,0 
1,28,5,0 1,40,5,0 2,41,5,1 
1,28,5,0 1,40,5,0 2,41,5,1 22,38,8,0 
0,32,1,1 2,39,1,1 
3,42,5,0 4,43,5,0 
3,42,5,0 4,43,5,0 17,34,1,0 
1,33,2,0 12,34,1,0 
23,44,1,0 2,29,1,1 
23,34,1,0 23,28,5,1 
23,20,5,1 23,36,5,1 
1,33,2,0 4,45,7,0 
1,2,7,0 2,45,7,0 
0,42,5,0 2,7,1,0 
0,42,5,0 23,34,1,0 
0,42,5,0 23,34,1,0 0,34,1,0 
0,42,5,0 23,34,1,0 0,34,1,0 21,15,1,1 
0,42,5,0 23,34,1,0 0,34,1,0 21,15,1,1 22,5,2,0 
22,34,1,0 4,2,1,0 
22,46,7,0 23,36,5,1 
22,46,7,0 23,36,5,1 23,20,5,1 
1,42,5,0 22,34,1,0 
1,42,5,0 22,34,1,0 1,34,1,0 
20,47,8,0 0,28,5,1 
1,20,5,1 1,36,5,1 
2,28,7,0 22,34,1,0 
2,28,7,0 22,34,1,0 0,37,5,1 
21,14,2,0 22,28,7,0 
22,23,7,0 22,5,7,0 
22,23,7,0 22,5,7,0 1,29,1,1 
1,16,1,0 22,28,7,0 
21,28,7,0 22,28,7,0 
4,28,7,0 4,5,7,0 
18,51,9,0 1,34,1,0 
19,28,8,1 1,26,8,0 
15,26,8,0 3,26,8,0 
21,26,8,0 20,26,8,0 
21,10,5,1 6,26,8,0 
17,51,9,0 19,2,8,1 
7,26,8,0 17,52,3,1 
18,26,8,0 3,26,8,0 
21,26,8,0 3,26,8,0 
22,26,8,0 7,26,8,0 
18,51,9,0 19,26,8,0 
5,26,8,0 23,51,9,0 
2,28,8,1 16,53,9,1 
19,28,8,1 20,26,8,0 
21,26,8,0 21,48,8,0 
6,26,8,0 20,26,8,0 
3,26,8,0 18,26,8,0 
7,26,8,0 19,28,8,1 
19,26,8,0 20,54,8,0 
19,50,1,0 21,28,8,1 
0,34,1,0 19,22,9,1 
1,34,1,0 18,28,8,1 
18,55,7,0 21,34,1,0 
18,45,9,1 21,28,8,1 
16,48,9,1 16,56,9,1 
14,5,2,0 22,17,8,1 
0,22,0,0 18,28,1,0 
0,22,0,0 18,28,1,0 18,59,9,0 
0,22,0,0 18,28,1,0 18,59,9,0 20,23,6,1 
0,22,0,0 18,28,1,0 18,59,9,0 20,23,6,1 21,28,5,1 
0,28,6,1 15,5,2,0 
0,28,6,1 15,5,2,0 16,17,8,1 
10,5,2,0 11,17,8,1 
10,5,2,0 11,17,8,1 20,5,0,0 
19,5,2,0 19,17,8,1 
14,5,2,0 14,17,8,1 
18,5,2,0 20,59,9,0 
18,5,2,0 20,59,9,0 21,15,9,0 
10,5,2,0 10,17,8,1 
16,5,2,0 17,17,8,1 
21,5,0,0 22,23,5,0 
13,5,2,0 14,17,8,1 
17,10,8,0 21,37,5,1 
12,5,2,0 13,17,8,1 
19,5,2,0 20,17,8,1 
0,60,0,1 14,5,2,0 
0,60,0,1 14,5,2,0 14,17,8,1 
0,60,0,1 14,5,2,0 14,17,8,1 23,5,0,0 
17,10,5,1 19,28,5,1 
12,5,2,0 13,17,8,1 
19,5,2,0 19,17,8,1 
19,5,2,0 19,17,8,1 
0,17,2,0 19,5,2,0 
0,17,2,0 19,5,2,0 20,17,8,1 
16,5,2,0 16,17,8,1 
20,5,0,0 21,22,0,0 
21,28,5,1 22,61,5,0 
12,5,2,0 13,17,8,1 
18,17,8,1 19,59,9,0 
18,17,8,1 19,59,9,0 20,15,9,1 
2,17,8,1 17,5,2,0 
2,17,8,1 17,5,2,0 17,17,8,1 
15,5,2,0 16,17,8,1 
14,5,2,0 14,17,8,1 
12,5,2,0 13,17,8,1 
12,5,2,0 13,17,8,1 23,43,6,1 
19,5,2,0 21,27,0,0 
3,15,0,0 4,32,0,0 
3,15,0,0 4,32,0,0 13,5,2,0 
3,15,0,0 4,32,0,0 13,5,2,0 14,17,8,1 
12,5,2,0 12,5,0,0 
12,5,2,0 12,5,0,0 13,17,8,1 
3,5,2,0 5,17,8,1 
3,5,2,0 3,17,8,1 
3,5,2,0 3,17,8,1 13,5,2,0 
11,5,2,0 23,15,2,0 
16,5,2,0 16,17,8,1 
11,5,2,0 11,17,8,1 
20,28,5,1 20,15,5,1 
20,28,5,1 20,15,5,1 20,23,5,0 
20,5,2,0 20,17,8,1 
18,5,2,0 18,17,8,1 
0,62,5,0 17,15,2,0 
18,37,5,1 20,5,2,0 
18,37,5,1 20,5,2,0 20,17,8,1 
19,5,2,0 20,17,8,1 
20,5,2,0 20,17,8,1 
18,28,5,1 23,35,5,1 
4,28,5,1 16,53,0,0 
17,5,2,0 17,17,8,1 
20,5,2,0 20,17,8,1 
17,23,3,1 1,23,0,0 
13,5,1,0 1,5,0,0 
1,23,0,0 18,22,9,1 
19,22,3,0 1,52,3,1 
19,22,3,0 1,52,3,1 18,5,1,0 
22,22,3,1 23,64,3,1 
17,0,0,0 17,5,0,0 18,68,3,0 
17,0,0,0 17,5,0,0 18,68,3,0 19,22,5,1 
17,0,0,0 17,5,0,0 18,68,3,0 19,22,5,1 20,4,5,0 
17,0,0,0 17,5,0,0 18,68,3,0 19,22,5,1 20,4,5,0 23,58,5,1 
0,5,2,0 15,66,4,0 
16,66,4,0 18,22,5,1 
16,66,4,0 18,22,5,1 19,67,2,0 
17,66,4,0 18,65,2,0 
15,66,4,0 23,22,2,0 
0,32,1,1 21,37,5,1 
0,32,1,1 21,37,5,1 22,32,1,1 
0,69,1,0 13,68,3,0 
0,69,1,0 13,68,3,0 13,68,3,0 
0,69,1,0 13,68,3,0 13,68,3,0 16,66,4,0 
15,68,3,0 16,66,4,0 
1,68,3,0 17,66,4,0 
5,2,2,0 22,10,5,1 
0,1,1,0 20,66,4,0 
13,68,3,0 13,68,3,0 
15,27,9,1 18,65,2,0 
12,68,3,0 12,68,3,0 
12,68,3,0 12,68,3,0 16,66,4,0 
12,68,3,0 12,68,3,0 16,66,4,0 18,10,5,1 
1,43,1,0 1,70,1,0 
1,43,1,0 1,70,1,0 1,43,1,0 
13,66,4,0 18,5,4,0 
13,66,4,0 18,5,4,0 19,65,2,0 
0,65,2,0 0,65,2,0 
19,68,3,0 19,68,3,0 
4,68,3,0 4,68,3,0 
4,68,3,0 4,68,3,0 16,17,2,0 
20,68,3,0 20,68,3,0 
1,68,3,0 2,68,3,0 
17,71,5,0 17,72,5,0 
18,5,1,0 22,46,1,0 
14,46,1,0 17,73,5,0 
15,46,1,0 19,72,5,0 
15,46,1,0 19,72,5,0 20,5,5,0 
15,46,1,0 19,72,5,0 20,5,5,0 20,74,5,0 
15,46,1,0 19,72,5,0 20,5,5,0 20,74,5,0 20,46,1,0 
15,46,1,0 19,72,5,0 20,5,5,0 20,74,5,0 20,46,1,0 23,10,0,0 
17,22,5,1 18,72,5,0 
17,22,5,1 18,72,5,0 18,72,5,0 
17,22,5,1 18,72,5,0 18,72,5,0 19,28,5,0 
19,71,5,0 19,28,5,0 
19,71,5,0 19,28,5,0 20,5,5,0 
0,5,5,0 22,46,1,0 
14,46,1,0 16,63,1,0 
14,46,1,0 16,63,1,0 18,46,1,0 
0,0,1,0 4,43,1,1 6,4,2,0 
0,0,1,0 4,43,1,1 6,4,2,0 17,2,2,0 
3,78,9,0 20,78,9,0 
3,78,9,0 20,78,9,0 17,79,9,0 
20,43,1,1 20,27,8,0 
21,78,9,0 22,79,9,0 
21,78,9,0 22,79,9,0 0,78,9,0 
6,7,1,0 3,80,2,0 
8,2,1,0 18,78,9,0 
8,2,1,0 18,78,9,0 3,75,2,0 
6,77,2,0 15,79,9,0 
19,78,9,0 20,79,9,0 
17,79,9,0 17,78,9,0 
4,32,6,1 18,27,8,0 
4,81,2,0 15,79,9,0 
0,34,1,0 20,78,9,0 
5,4,1,0 20,0,1,0 
14,79,9,0 20,78,9,0 
14,79,9,0 20,78,9,0 15,79,9,0 
23,43,2,0 14,5,2,0 
16,79,9,0 21,48,8,0 
14,5,2,0 18,78,9,0 
14,5,2,0 23,80,2,0 
14,5,2,0 23,80,2,0 18,82,2,0 
19,78,9,0 0,83,1,0 
14,5,2,0 15,79,9,0 
15,79,9,0 19,78,9,0 
16,79,9,0 21,84,9,0 
14,79,9,0 14,78,9,0 
16,79,9,0 23,84,9,0 
1,83,1,0 14,79,9,0 
0,83,1,0 13,79,9,0 
14,79,9,0 21,78,9,0 
5,4,1,0 6,4,2,0 
16,27,5,0 17,79,9,0 
16,27,5,0 17,79,9,0 19,58,5,0 
16,27,5,0 17,79,9,0 19,58,5,0 21,27,6,0 
18,79,9,0 19,85,9,1 
20,80,2,0 22,80,2,0 
2,65,2,0 3,0,1,0 5,60,2,0 19,86,1,0 
2,65,2,0 3,0,1,0 5,60,2,0 19,86,1,0 20,80,1,0 
20,21,4,0 22,58,5,1 
0,5,5,1 1,22,7,0 
0,5,5,1 1,22,7,0 20,28,7,0 
17,5,2,0 23,22,7,1 
17,5,2,0 22,22,7,0 
18,5,2,0 23,22,7,0 
0,63,1,0 18,43,2,0 
1,12,7,0 22,22,7,0 
0,82,7,0 18,5,2,0 
2,23,5,0 19,5,2,0 
17,87,1,1 22,82,7,0 
14,53,5,0 22,17,6,1 
14,5,6,0 14,17,6,1 
15,12,5,0 19,12,5,0 
23,12,5,0 23,58,5,1 
19,43,5,0 21,12,5,0 
14,12,5,0 23,56,6,0 
15,12,5,0 18,12,5,0 
1,56,6,0 1,10,6,1 
1,90,9,0 22,23,5,0 
18,12,5,0 23,23,5,0 
16,12,5,0 18,58,5,1 
1,91,6,0 1,56,6,0 
19,96,2,0 20,58,5,0 
2,70,1,0 3,34,1,0 
22,58,1,0 23,36,5,1 
23,36,5,1 0,67,5,1 
21,48,5,0 20,36,5,1 
23,23,2,0 21,20,2,0 
23,23,2,0 21,20,2,0 21,17,2,0 
22,74,1,0 21,12,2,0 
22,23,8,1 6,94,1,0 
7,2,1,1 21,97,1,0 
23,72,1,0 1,22,0,0 
23,69,1,0 3,36,5,1 
23,69,1,0 3,36,5,1 23,28,1,0 
2,98,0,0 23,72,2,0 
1,20,8,0 16,15,2,0 
1,99,1,0 16,5,2,0 
22,58,1,0 2,22,2,0 
22,58,1,0 2,22,2,0 16,58,1,0 
1,58,5,1 3,48,5,0 
2,22,2,0 16,5,2,0 
19,74,1,0 21,23,2,0 
19,74,1,0 21,23,2,0 0,22,2,0 
20,72,6,0 22,58,1,0 
0,28,1,0 20,58,1,0 
18,3,1,0 19,100,2,0 
1,2,1,0 16,58,1,0 
1,2,1,0 16,58,1,0 1,22,2,0 
16,96,2,0 21,58,5,0 
20,44,2,0 22,28,8,1 
0,4,1,0 18,95,1,0 
0,4,1,0 18,95,1,0 17,60,1,0 
22,48,5,0 22,95,1,0 
21,28,8,1 21,23,8,1 22,10,8,1 
15,5,3,1 19,101,3,1 
0,4,1,0 23,2,2,0 
18,102,2,0 23,4,1,0 
2,2,2,0 2,37,2,0 
18,2,2,0 19,53,2,0 
0,43,1,0 1,45,9,1 
0,103,1,0 0,43,1,1 
0,103,1,0 0,43,1,1 1,43,1,1 
21,71,5,0 21,5,5,0 
21,16,1,0 22,5,2,0 
17,63,2,1 20,105,2,1 
21,106,5,0 0,22,1,0 
23,28,5,0 22,58,5,1 
23,28,5,1 2,22,1,0 
18,60,5,0 0,83,1,0 
3,4,2,0 2,23,0,0 
3,4,2,0 2,23,0,0 15,12,5,0 
3,4,2,0 2,23,0,0 15,12,5,0 18,107,1,0 
21,22,1,0 1,25,1,0 
2,43,1,0 4,4,5,0 
2,43,1,0 4,4,5,0 20,22,1,0 
0,83,1,0 19,60,5,0 
2,4,2,0 4,2,2,0 
12,5,0,0 17,60,0,0 
21,58,5,1 23,22,4,1 
21,21,4,1 22,22,9,1 
5,5,1,0 7,15,5,1 
1,60,0,0 22,15,1,0 
1,43,5,1 12,5,0,0 
14,5,6,1 14,108,6,1 
12,82,5,0 12,5,0,0 
1,39,5,1 19,53,4,1 
5,111,5,0 4,28,5,0 
17,15,5,0 21,102,1,0 
22,90,1,0 20,28,5,1 
22,90,1,0 20,28,5,1 21,15,5,1 
1,24,1,0 1,8,1,0 
15,112,1,0 17,24,1,0 
15,112,1,0 17,24,1,0 19,24,1,0 
22,28,5,0 1,5,1,0 
19,72,1,0 20,5,1,0 
19,72,1,0 20,5,1,0 0,102,1,0 
19,72,1,0 20,5,1,0 0,102,1,0 18,24,1,0 
3,28,5,0 20,45,7,0 
22,21,4,1 0,70,5,0 
22,21,4,1 0,70,5,0 19,47,8,0 
0,70,1,0 2,10,5,0 
17,47,8,0 21,15,5,0 
23,28,5,0 23,28,5,0 
20,113,0,0 21,22,0,1 
20,113,0,0 21,22,0,1 22,15,1,0 
18,70,0,0 19,22,5,1 
13,24,1,0 19,70,1,0 
22,28,5,0 23,8,5,0 
17,28,1,0 17,14,1,0 
18,114,1,0 18,76,1,1 
1,1,0,1 21,76,1,1 
12,66,1,1 18,72,1,0 
20,76,1,1 21,76,1,1 
3,70,1,0 23,76,1,1 
18,76,1,1 18,28,1,0 
18,70,1,0 23,76,1,1 
12,66,1,1 23,23,8,1 
15,5,1,0 19,23,8,1 
15,53,1,0 19,36,8,1 
12,66,1,1 18,14,1,0 
18,36,1,0 21,14,2,0 
22,28,1,0 22,76,1,1 
15,53,1,0 18,76,1,1 
18,28,1,0 20,92,1,0 
2,0,0,0 2,52,0,1 13,0,0,0 22,14,0,0 
13,43,2,0 13,0,2,0 
13,43,2,0 13,0,2,0 14,5,2,0 
13,43,2,0 13,0,2,0 14,5,2,0 18,20,2,0 
0,2,5,0 11,5,5,0 21,4,1,0 22,113,1,0 
0,2,5,0 11,5,5,0 21,4,1,0 22,113,1,0 22,4,1,0 
15,4,1,0 19,4,1,0 
1,43,2,0 16,12,2,0 
1,43,2,0 16,12,2,0 19,27,9,1 
0,116,6,0 1,2,5,0 
0,116,6,0 1,2,5,0 15,12,2,0 
22,60,1,0 22,22,1,0 
0,2,2,0 18,23,2,0 
22,2,2,0 17,4,1,0 
19,2,2,0 13,5,2,0 
23,4,5,0 1,14,2,0 
22,2,2,0 21,2,2,0 
22,2,2,0 21,2,2,0 23,2,5,0 
20,95,1,0 20,60,1,0 
20,95,1,0 20,60,1,0 16,117,1,0 
16,4,1,0 19,2,2,0 
17,4,1,0 19,95,1,0 
17,4,1,0 19,95,1,0 20,51,2,0 
16,23,5,0 20,2,2,0 
16,23,5,0 20,2,2,0 3,14,2,0 
13,5,2,0 15,4,1,0 
19,74,1,0 19,29,1,0 
19,74,1,0 19,29,1,0 19,17,1,0 
1,32,0,0 15,5,1,0 
14,5,1,0 14,5,1,0 
0,22,0,0 14,5,1,0 
12,5,1,0 22,17,2,0 
22,17,8,1 22,61,6,1 
3,15,0,0 4,32,0,0 
12,5,1,0 21,50,2,0 
4,62,5,0 5,7,1,0 
5,109,1,0 21,17,2,0 
23,50,2,0 12,5,1,0 
23,50,2,0 12,5,1,0 22,5,2,0 
11,5,1,0 23,17,2,0 
11,5,1,0 23,17,2,0 
1,15,8,1 2,29,8,1 2,61,9,1 
19,15,8,1 20,41,8,1 
19,15,8,1 20,41,8,1 20,67,8,1 
15,44,2,0 19,15,8,0 
21,15,8,0 21,59,8,0 
2,10,2,0 22,67,8,1 
0,22,8,0 1,27,8,1 
21,52,8,1 1,61,9,1 
2,22,9,1 20,44,2,0 
2,22,9,1 20,44,2,0 19,44,1,0 
19,5,1,0 19,44,1,0 
19,5,1,0 19,44,1,0 20,5,1,0 
19,43,5,0 19,10,5,1 19,119,5,0 19,43,5,0 21,43,5,0 
0,109,2,0 2,19,2,0 
0,109,2,0 2,19,2,0 3,109,2,0 
19,8,2,0 20,109,2,0 
19,8,2,0 20,109,2,0 23,0,0,0 
2,8,5,0 16,109,2,0 
2,8,5,0 16,109,2,0 18,94,1,0 
2,8,5,0 16,109,2,0 18,94,1,0 22,109,2,0 
1,109,2,0 5,4,2,0 
1,109,2,0 5,4,2,0 5,109,1,0 
18,109,2,0 18,43,1,1 
0,109,2,0 9,5,2,0 
0,43,5,0 10,109,2,0 
4,99,1,0 19,109,2,0 
4,99,1,0 19,109,2,0 23,111,7,0 
0,109,2,0 2,39,1,1 
0,109,2,0 2,39,1,1 4,109,2,0 
0,109,2,0 2,39,1,1 4,109,2,0 9,53,1,0 
1,109,2,0 2,43,5,0 
1,109,2,0 2,43,5,0 9,109,2,0 
16,109,2,0 19,33,2,0 
4,43,5,0 20,43,5,0 
4,43,5,0 20,43,5,0 22,43,5,0 
0,109,2,0 22,109,2,0 
22,109,2,0 22,4,1,0 
22,109,2,0 22,4,1,0 23,10,1,0 
19,109,2,0 19,43,2,0 
19,109,2,0 19,43,2,0 19,0,2,0 
3,2,2,0 4,60,2,0 
3,2,2,0 4,60,2,0 3,109,2,0 
4,4,2,0 4,109,5,0 
23,95,2,0 23,2,8,0 
3,14,8,0 4,1,8,0 
3,14,8,0 4,1,8,0 4,109,2,0 
5,2,6,0 6,109,2,0 
5,39,1,0 6,43,1,0 
5,39,1,0 6,43,1,0 0,2,1,0 
4,2,1,0 6,2,2,0 
6,109,2,0 17,0,1,1 
15,10,5,1 17,87,5,1 
15,10,5,1 17,87,5,1 18,58,5,1 
17,69,7,0 21,22,2,0 
17,95,4,0 18,22,2,0 
17,95,4,0 18,22,2,0 18,122,2,0 
19,43,3,0 21,24,1,0 
15,24,1,0 18,1,1,1 
7,22,5,0 19,6,1,0 
2,58,5,1 20,10,5,1 
12,120,1,0 23,24,1,0 
1,4,1,0 4,4,1,0 
16,21,4,1 17,22,4,0 18,10,5,0 
22,123,5,1 23,29,5,0 
19,18,4,1 20,22,4,0 
19,18,4,1 20,22,4,0 21,21,4,0 
0,38,8,0 20,22,5,1 
0,38,8,0 20,22,5,1 21,22,7,1 
15,5,2,0 18,87,1,1 
0,14,5,0 19,10,5,1 
18,10,5,0 19,28,5,1 
20,58,5,0 19,102,2,0 
20,58,5,0 19,102,2,0 21,43,1,0 
17,27,0,0 17,37,2,0 
15,5,2,0 19,87,1,1 
10,16,1,0 20,16,1,0 
10,16,1,0 19,5,1,0 
20,16,1,0 20,5,1,0 
10,16,1,0 20,5,5,0 
10,16,1,0 20,16,1,0 
20,16,1,0 20,16,1,0 
20,16,1,0 20,16,1,0 21,66,1,0 
10,16,1,0 20,16,1,0 
10,16,1,0 20,16,1,0 20,16,1,0 
13,5,5,0 20,5,5,0 
9,16,1,0 20,5,1,0 
9,16,1,0 20,5,1,0 20,16,1,0 
9,16,1,0 20,16,1,0 
17,5,5,0 18,28,5,0 
15,11,1,0 15,70,2,0 15,124,5,0 15,125,1,0 
15,11,1,0 15,70,2,0 15,124,5,0 15,125,1,0 15,14,2,0 
15,11,1,0 15,70,2,0 15,124,5,0 15,125,1,0 15,14,2,0 15,77,1,0 
15,11,1,0 15,70,2,0 15,124,5,0 15,125,1,0 15,14,2,0 15,77,1,0 15,95,2,0 
4,0,1,0 23,4,2,0 
0,43,1,1 2,4,1,0 
0,43,1,1 2,4,1,0 4,0,1,0 
1,10,1,1 14,5,1,0 
0,2,1,1 6,0,1,0 
20,29,5,0 22,5,2,0 
19,61,6,1 20,48,6,1 
19,61,6,1 20,48,6,1 22,5,2,0 
17,91,6,0 18,71,6,1 
18,64,2,0 18,81,2,0 
16,5,2,0 16,71,2,0 
1,2,2,0 14,5,1,0 
15,5,1,0 17,127,1,0 
21,34,1,0 21,83,1,0 
15,5,1,0 19,73,0,0 
21,28,5,1 22,41,5,1 
12,5,7,0 22,46,8,0 
12,5,7,0 22,46,8,0 23,28,8,1 
12,5,7,0 22,46,8,0 23,28,8,1 23,48,8,1 
2,39,9,1 3,107,9,1 
2,39,9,1 3,107,9,1 11,5,7,0 
20,20,5,1 20,28,5,0 
20,20,5,1 20,28,5,0 21,8,1,0 
0,27,9,0 16,28,8,1 
2,22,9,1 23,27,8,0 
0,22,9,1 2,34,1,0 
0,22,9,1 2,34,1,0 6,7,1,0 
15,17,3,0 16,5,9,1 
15,17,3,0 16,5,9,1 21,20,5,1 
4,128,2,0 6,15,2,0 
6,129,1,0 3,121,1,0 
6,129,1,0 3,121,1,0 4,128,2,0 
5,39,1,1 9,15,8,1 
2,33,8,0 19,131,8,1 
3,66,8,0 11,12,3,0 
20,66,8,0 23,5,9,0 
20,66,8,0 23,5,9,0 23,66,8,0 
4,66,8,1 21,66,8,0 
4,66,8,1 21,66,8,0 23,5,9,0 
3,66,8,0 11,66,8,1 
3,66,8,0 11,66,8,1 18,66,8,0 
3,47,8,0 19,66,8,0 
9,66,8,1 21,120,8,0 
8,66,8,1 20,20,9,1 
8,66,8,1 20,20,9,1 20,5,9,1 
8,66,8,1 20,20,9,1 20,5,9,1 20,23,9,1 
8,66,8,1 20,20,9,1 20,5,9,1 20,23,9,1 21,22,9,0 
23,16,1,0 23,22,9,0 
4,14,1,0 14,5,1,0 
4,14,1,0 14,5,1,0 18,82,2,0 
1,22,1,0 1,14,1,0 
19,92,1,0 21,69,1,0 
17,58,5,1 20,58,5,1 
1,70,2,0 19,41,8,1 
18,5,8,0 19,132,2,0 
14,5,4,0 23,23,0,0 
0,32,0,0 21,22,3,0 
0,93,2,0 17,27,0,0 
0,119,5,0 19,119,5,0 
0,66,8,1 17,22,3,0 
18,49,2,1 2,72,0,0 
18,49,2,1 2,72,0,0 2,2,0,0 
1,72,1,0 20,21,2,0 
21,22,3,0 20,5,1,0 
21,22,3,0 20,5,1,0 21,48,5,0 
3,95,9,1 20,15,8,1 
21,2,1,0 23,10,1,1 
3,95,2,0 6,104,2,0 
8,66,8,1 19,5,9,1 
20,53,3,0 1,0,5,0 
2,110,5,0 1,26,8,0 
2,110,5,0 1,26,8,0 3,56,3,0 
18,14,3,0 18,85,3,0 
1,43,1,1 22,17,5,0 
3,14,1,0 22,5,2,0 
10,83,4,1 11,5,4,0 
9,83,4,1 11,5,4,0 
10,83,4,1 13,5,4,0 
12,5,4,0 22,43,4,1 
0,22,4,0 18,95,1,0 
12,5,4,0 13,27,5,0 
2,15,4,1 21,32,0,0 
3,10,1,0 20,15,5,0 
3,10,1,0 4,43,1,0 
14,3,1,0 16,134,1,0 18,70,2,0 
17,134,1,0 17,1,1,1 
13,5,7,1 13,5,7,1 
14,10,3,0 19,65,2,0 
4,28,0,1 21,59,3,0 
0,2,2,0 21,58,5,1 
3,28,5,1 21,61,3,1 
1,43,1,0 2,25,1,0 
6,73,1,1 21,43,8,1 
14,7,4,0 23,28,3,1 
12,5,3,0 18,22,4,0 
14,7,4,0 23,66,4,1 
12,5,3,0 22,135,4,0 
12,5,3,0 23,66,4,1 
3,2,2,0 4,43,2,0 
23,66,4,1 23,66,4,1 
17,7,4,0 20,66,4,1 
0,66,4,1 23,66,4,1 
0,83,4,1 23,83,4,1 
5,129,2,0 18,70,2,0 
2,43,5,0 19,42,5,0 
3,75,2,0 6,10,2,0 
3,75,2,0 6,10,2,0 8,136,2,0 
23,86,1,0 23,65,1,0 
23,86,1,0 23,65,1,0 23,87,1,1 
15,16,1,0 15,92,1,0 
15,16,1,0 15,92,1,0 21,5,1,0 
15,16,1,0 15,92,1,0 21,5,1,0 23,92,1,0 
15,92,1,0 18,5,1,0 
15,92,1,0 18,5,1,0 21,43,1,1 
15,92,1,0 18,5,1,0 21,43,1,1 23,22,2,0 
15,92,1,0 18,5,1,0 21,43,1,1 23,22,2,0 23,37,1,1 
0,74,1,0 19,92,1,0 
1,70,1,0 23,92,1,0 
21,92,1,0 22,69,1,0 
19,69,1,0 19,72,1,0 
2,2,1,0 5,4,1,0 
17,92,1,0 18,72,1,0 
0,5,1,0 21,70,5,0 22,12,1,0 
18,70,5,0 19,5,5,1 
16,5,1,0 22,3,1,0 
4,1,5,0 18,51,5,0 
0,5,2,0 20,5,5,0 
5,2,2,0 20,5,2,0 
3,83,1,0 15,83,1,0 
0,83,1,0 9,102,1,0 
8,83,1,0 8,7,1,0 
16,5,1,0 23,69,1,0 
19,69,1,0 20,133,1,0 
19,69,1,0 20,133,1,0 22,140,1,0 
20,133,1,0 20,28,1,0 
15,5,1,0 22,69,1,0 
0,5,1,0 5,109,1,0 
1,2,1,1 6,4,1,0 
19,92,1,0 19,49,1,0 
18,22,1,0 19,49,1,0 
2,33,1,0 22,5,3,1 
2,34,1,0 22,22,3,0 
1,34,1,0 3,34,1,0 
1,34,1,0 3,34,1,0 0,33,2,0 
1,34,1,0 3,34,1,0 0,33,2,0 17,133,3,0 
19,69,1,0 20,94,1,0 
1,5,2,0 22,2,2,0 
1,141,2,0 13,25,1,0 
3,2,7,0 19,83,1,0 
0,5,7,0 3,2,7,0 
15,52,8,1 19,22,3,0 
3,5,2,0 18,14,2,0 18,122,2,0 
2,7,6,0 17,2,7,0 
4,22,7,1 13,5,1,0 
15,5,1,0 18,5,1,0 
12,5,1,0 23,5,7,0 
17,102,1,0 18,5,1,0 
0,17,2,0 3,2,1,0 
0,17,2,0 3,2,1,0 20,12,1,0 
2,4,1,0 17,22,2,0 
0,12,1,1 0,69,1,0 
0,73,1,1 22,74,1,0 
1,142,1,0 1,9,1,0 
0,14,2,0 23,4,1,0 
1,2,2,0 4,4,1,0 
21,121,1,0 23,22,4,1 
17,58,4,1 17,37,4,1 
20,143,1,0 23,60,1,0 
17,107,4,0 17,15,4,0 
13,53,7,1 19,1,6,1 
18,1,6,1 21,83,6,0 
22,27,5,0 13,5,1,0 
22,27,5,0 13,5,1,0 22,66,4,0 
18,2,1,0 21,41,5,1 
21,144,7,0 14,2,1,0 
21,144,7,0 14,2,1,0 22,66,4,0 
1,2,2,0 22,81,2,0 
0,23,8,1 18,4,1,0 
2,82,1,0 5,7,1,0 
3,70,1,0 21,12,2,0 
3,70,1,0 21,12,2,0 23,4,1,0 
4,60,1,0 5,1,1,1 
5,7,1,0 21,60,1,0 
20,66,8,0 21,27,9,1 
19,117,9,1 19,22,9,1 
19,117,9,1 19,22,9,1 1,66,8,0 
16,27,0,0 23,66,8,0 
0,5,5,1 0,52,5,1 
2,121,1,0 4,1,5,0 
18,56,5,0 18,5,5,0 
18,56,5,0 18,5,5,0 19,27,5,0 
20,22,4,0 23,22,4,0 
1,60,2,0 1,5,2,0 
3,102,4,0 17,121,1,0 
15,56,4,0 15,5,4,0 
4,63,2,0 5,63,2,0 
18,61,9,1 19,63,9,1 
21,63,9,1 0,63,9,1 
18,63,2,0 16,63,9,1 
23,63,2,0 15,63,9,1 
18,63,9,1 2,10,9,1 
18,63,9,1 2,10,9,1 4,45,3,1 
4,5,5,1 4,22,5,1 
2,5,5,1 22,71,1,0 
2,15,6,0 13,15,6,0 15,5,2,0 
15,5,2,0 18,72,2,0 
1,112,8,0 17,112,8,0 23,70,1,0 
13,79,9,0 18,36,8,1 
2,32,6,1 20,58,5,1 
0,14,4,0 3,2,1,0 
1,0,1,0 22,22,0,0 
3,2,1,0 3,2,2,0 
1,70,5,0 1,40,5,0 
1,34,1,0 15,52,8,1 
1,146,2,0 23,146,2,0 
0,34,1,0 20,147,5,0 
1,34,1,0 21,34,1,0 
19,43,1,0 21,113,1,0 
19,43,1,0 21,113,1,0 23,4,1,0 
22,4,1,0 23,113,1,0 
3,43,2,0 21,4,1,0 
0,43,8,1 2,28,8,1 
0,43,8,1 2,28,8,1 15,48,9,1 
13,50,5,0 15,15,9,1 
20,28,8,1 20,28,8,1 
20,28,8,1 20,28,8,1 21,28,8,1 
20,36,8,1 20,23,8,1 
23,87,5,1 23,43,5,1 23,58,5,1 
3,116,6,0 16,100,5,0 
4,100,5,0 4,100,5,0 
1,14,9,1 1,100,5,0 
21,58,5,1 21,10,5,0 
18,100,5,0 18,12,5,0 
7,102,1,0 7,72,1,0 7,102,1,0 
14,63,6,0 22,16,1,0 
