0 18 10 3 
0 18 10 3 19 
0 20 5 
0 20 5 21 
0 22 23 
0 22 23 10 
0 8 5 
0 8 5 24 
0 25 26 
0 27 28 
0 29 15 
0 29 15 1 
0 30 2 
0 0 0 
0 0 0 31 
0 0 0 31 31 
0 25 32 
0 1 15 
0 0 0 
0 5 33 
0 29 34 
0 10 14 
0 35 36 
0 35 36 37 
0 6 0 
0 0 31 
0 38 10 
0 38 10 39 
0 38 10 39 12 
0 38 10 39 12 0 
0 0 0 
0 0 0 31 
0 10 12 
0 10 12 40 
0 10 12 40 24 
0 0 8 
0 0 8 21 
0 24 0 
0 24 0 0 
0 24 0 0 12 
0 8 41 
0 10 42 
0 10 42 0 
0 0 43 
0 0 43 44 
0 39 0 
0 39 0 0 
0 0 0 
0 45 46 
0 47 0 
0 0 0 
0 0 0 0 
0 0 0 0 0 
0 12 0 
0 48 46 
0 48 46 49 
1 56 33 
1 56 33 33 
1 56 33 33 33 
1 56 33 33 33 33 
1 56 56 
1 56 56 56 
1 56 56 56 56 
1 63 64 
1 56 56 
1 56 56 56 
1 56 56 56 56 
1 56 56 56 56 56 
1 56 56 56 56 56 65 
1 66 67 
1 63 68 
1 63 68 68 
1 63 68 68 58 
1 63 68 68 58 33 
1 63 68 68 58 33 33 
1 63 68 68 58 33 33 33 
1 63 68 68 58 33 33 33 69 
1 63 68 68 58 33 33 33 69 70 
1 56 56 
1 56 56 56 
1 56 56 56 65 
1 56 56 56 65 71 
1 63 63 
1 56 56 
1 56 56 56 
1 56 56 56 72 
1 73 56 
1 73 56 56 
1 74 75 
1 76 73 
1 56 77 
1 78 57 
1 78 57 56 
1 56 56 
1 79 80 
1 79 80 57 
1 79 80 57 78 
1 79 80 57 78 78 
1 79 80 57 78 78 56 
1 81 56 
1 56 82 
1 83 56 
1 83 56 56 
1 83 56 56 56 
1 83 56 56 56 41 
1 41 56 
1 41 56 41 
1 50 8 
1 50 8 84 
1 50 8 84 41 
1 50 8 84 41 56 
1 50 8 84 41 56 56 
1 50 8 84 41 56 56 56 
1 50 8 84 41 56 56 56 56 
2 91 92 93 94 
2 95 96 
2 97 98 
2 97 98 99 
2 29 100 
2 29 100 101 
2 29 100 101 102 
2 29 100 101 102 103 
2 104 8 
2 104 8 105 
2 104 8 105 106 
3 109 110 
4 95 96 46 111 
4 76 56 
4 76 56 33 
5 29 112 29 29 113 
5 29 29 
5 113 29 
5 113 29 114 
7 118 119 120 
7 118 119 120 118 
8 50 50 50 50 50 50 
8 50 50 50 50 50 50 50 
8 50 50 50 50 50 50 50 121 
8 50 50 50 50 50 50 50 121 122 
8 50 50 50 50 50 50 50 121 122 123 
8 50 50 50 50 50 50 50 121 122 123 124 
8 50 50 50 50 50 50 50 121 122 123 124 125 
9 133 0 
9 134 134 
9 134 127 
9 135 136 
9 135 136 0 
9 137 138 
9 41 139 
9 126 140 
9 141 142 
10 147 148 95 96 
10 147 148 95 96 74 
10 147 148 95 96 74 92 
10 147 148 95 96 74 92 149 
10 147 148 95 96 74 92 149 111 
10 147 148 95 96 74 92 149 111 93 
10 147 148 95 96 74 92 149 111 93 54 
10 147 148 95 96 74 92 149 111 93 54 150 
10 147 148 95 96 74 92 149 111 93 54 150 91 
10 147 148 95 96 74 92 149 111 93 54 150 91 151 
10 104 79 
10 33 96 
11 8 152 
11 41 104 
11 8 8 
12 41 41 
12 41 41 39 
12 8 159 
12 8 159 160 
12 8 159 160 161 
12 162 162 
12 162 162 163 
12 162 162 163 158 
12 162 162 163 158 8 
12 162 162 163 158 8 8 
12 164 162 
12 165 165 
12 165 165 41 
12 165 165 41 10 
12 165 165 
12 166 76 
12 166 76 39 
12 24 167 
12 167 10 
12 0 39 
12 41 41 
12 41 41 157 
12 41 41 157 168 
12 41 41 157 168 169 
12 170 8 
12 165 171 
12 158 154 
13 172 114 173 
13 172 114 173 174 
14 176 177 
14 165 178 
14 8 103 
14 8 179 
14 8 179 8 
15 182 182 
16 187 25 
16 185 184 
16 187 34 
16 187 189 
16 187 189 185 
16 184 190 
16 191 184 
16 186 8 
16 186 8 41 
16 187 190 
16 192 193 
16 192 193 34 
16 184 184 
17 146 18 147 
17 146 18 147 91 
18 53 18 149 92 
18 53 18 149 92 91 
18 53 18 149 92 91 25 
18 53 18 149 92 91 25 54 
18 53 18 149 92 91 25 54 146 
19 56 56 
19 56 194 
19 194 56 
19 194 56 56 
19 56 56 
19 195 56 
19 50 50 
19 56 56 
19 50 50 
19 50 50 
19 196 197 
19 50 50 
19 198 199 
20 200 200 
20 200 202 
20 200 182 
21 205 223 
21 227 223 
21 227 223 205 
21 225 223 
21 224 205 
21 224 223 
21 224 223 226 
21 224 223 226 223 
21 224 223 226 223 224 
21 223 233 
21 223 233 205 
21 225 205 
21 225 205 227 
21 223 234 
21 223 234 205 
21 223 234 205 224 
21 205 227 
21 205 227 
21 234 225 
21 234 225 223 
21 217 235 
21 203 236 
21 203 236 205 
21 224 225 
21 223 237 
21 223 237 205 
21 227 224 
21 233 223 
21 233 223 217 
21 233 223 217 238 
21 223 225 
21 223 239 
21 227 223 
21 166 211 
21 216 221 
21 205 223 
21 221 132 
21 221 132 240 
21 218 241 
21 223 205 
21 223 205 231 
21 223 241 
21 223 205 
21 223 205 241 
21 223 205 241 223 
21 242 205 
21 221 205 
21 221 205 241 
21 223 243 
21 240 223 
21 240 223 237 
21 244 223 
21 244 231 
21 223 205 
21 241 241 
21 241 241 245 
21 205 244 
21 231 241 
21 138 205 
21 244 231 
21 205 241 
21 223 182 
21 205 244 
21 226 132 
21 204 208 
21 204 246 
21 205 241 
21 205 223 
21 242 224 
21 241 241 
21 132 231 
21 132 231 241 
21 132 231 241 223 
21 205 241 
21 205 241 205 
21 244 231 
21 223 224 
21 223 224 204 
21 205 244 
21 4 39 
21 223 224 
21 205 244 
21 244 241 
21 244 241 204 
21 205 241 
21 205 241 205 
21 244 205 
21 223 132 
21 223 132 205 
21 223 132 205 226 
21 244 231 
21 224 132 
21 224 132 110 
21 224 132 110 205 
21 244 223 
21 244 223 224 
21 244 223 224 208 
21 205 205 
21 205 205 247 
21 132 205 
21 132 205 223 
21 132 205 223 223 
21 132 205 223 223 224 
21 205 7 
21 182 166 
21 182 166 211 
21 182 166 211 245 
21 204 205 
21 243 248 
21 249 223 
21 249 223 226 
21 205 223 
21 205 223 205 
21 224 224 
21 180 216 
21 180 216 180 
21 205 224 
21 205 224 205 
21 224 223 
21 224 223 240 
21 224 223 240 205 
21 241 233 
21 224 250 
21 182 205 
21 241 233 
21 241 233 224 
21 241 233 224 239 
21 205 207 
21 205 223 
21 205 223 205 
21 241 233 
21 207 223 
22 56 56 56 
22 252 56 
22 56 56 
22 56 56 56 
22 56 57 
22 56 57 56 
22 56 57 56 56 
22 56 252 
22 253 254 
22 253 254 253 
23 259 260 
23 25 262 
23 103 132 
23 182 103 
23 182 182 
23 263 264 
23 7 265 
23 7 265 259 
23 7 265 259 260 
23 7 265 259 260 256 
23 266 0 
23 267 267 
23 8 8 
23 268 269 
23 270 270 
23 271 272 
23 273 270 
23 182 166 
23 7 7 
24 123 50 56 
24 56 56 
24 56 56 56 
24 56 56 56 56 
24 50 50 
24 50 50 50 
25 56 144 
25 56 275 
26 8 8 8 8 
26 279 280 
26 281 73 
26 8 8 
26 25 8 
26 282 283 
26 41 284 
26 8 25 
26 8 8 
26 8 8 
26 147 285 
26 147 285 8 
26 41 41 
27 302 288 
27 302 288 303 
27 160 154 
27 160 154 154 
27 182 103 
27 103 296 
27 154 154 
27 154 154 103 
27 0 154 
27 0 154 39 
27 302 304 
27 302 304 103 
27 0 72 
27 0 72 305 
27 0 72 305 291 
27 0 72 305 291 154 
27 160 306 
27 160 306 154 
27 0 154 
27 307 301 
27 103 103 
27 103 103 
27 103 103 103 
27 41 41 
27 308 0 
27 308 0 0 
27 308 0 0 307 
27 309 310 
27 0 311 
27 0 311 291 
27 0 311 291 154 
27 312 138 
27 313 8 
27 313 8 8 
27 0 314 
27 0 314 160 
27 0 314 160 103 
27 182 315 
27 0 316 
27 103 317 
27 103 317 296 
27 303 41 
27 303 41 41 
27 103 103 
27 308 318 
27 308 318 302 
27 288 0 
27 288 0 319 
27 288 0 319 320 
27 288 0 319 320 0 
27 291 321 
27 322 294 
27 154 8 
27 154 8 323 
27 324 325 
27 39 154 
27 39 154 0 
27 294 25 
27 294 25 103 
27 300 0 
27 129 317 
27 0 326 
27 327 129 
27 291 154 
27 294 317 
27 306 328 
27 319 232 
27 103 324 
27 25 0 
27 129 154 
27 103 0 
27 0 154 
27 291 329 
27 285 188 
27 138 330 
27 317 317 
27 317 331 
27 319 103 
27 332 320 
27 332 320 41 
27 298 333 
27 298 333 8 
27 25 154 
27 25 154 154 
27 0 291 
27 0 291 334 
27 297 154 
27 297 154 25 
27 297 154 25 56 
27 297 154 25 56 39 
27 320 296 
27 335 103 
27 154 154 
27 154 154 336 
27 337 320 
27 337 320 291 
27 337 320 291 334 
27 334 103 
27 310 268 
27 338 24 
27 338 24 102 
28 56 56 56 56 56 56 
28 56 56 56 56 56 56 56 
28 56 339 
28 56 339 56 
28 56 339 56 56 
28 56 339 56 56 56 
28 57 82 
28 56 56 
28 56 56 
28 56 56 56 
28 56 56 56 56 
28 56 56 56 56 56 
28 56 56 
29 340 80 
29 340 80 119 
31 190 352 
31 190 352 8 
31 190 352 8 8 
31 353 354 
31 353 354 355 
31 232 212 
31 8 8 
31 25 25 
31 8 356 
31 8 356 8 
31 8 356 8 8 
31 8 8 
31 346 353 
31 357 8 
31 357 8 26 
31 358 191 
31 358 191 191 
31 358 191 191 33 
31 212 8 
31 359 191 
31 267 232 
31 360 191 
31 360 191 8 
31 8 8 
31 346 361 
31 8 8 
31 8 8 
31 362 8 
31 8 8 
31 8 8 
31 8 359 
31 8 359 8 
31 320 363 
31 8 8 
31 8 8 
31 8 8 
31 152 103 
31 8 0 
31 8 8 
31 8 8 
31 8 8 
31 8 0 
31 362 8 
31 8 148 
31 8 346 
31 0 8 
31 8 8 
31 0 8 
31 8 8 
31 8 8 8 
31 364 8 
31 359 8 
31 29 129 
31 236 8 
31 8 365 
31 25 8 
31 8 182 
31 182 8 
31 8 8 
31 8 8 8 
31 8 8 
31 366 164 
32 370 370 
32 371 371 
32 371 371 362 
32 182 362 
32 341 341 
32 372 373 
32 374 375 
32 376 372 
32 376 372 374 
32 377 182 
32 7 375 
32 341 377 
32 341 377 378 
33 380 380 
33 8 8 
34 8 383 384 
34 383 4 
34 385 385 
36 156 387 154 179 
36 3 399 
36 400 320 
36 400 320 401 
36 400 320 401 8 
36 399 154 
36 320 402 
36 320 402 25 
36 148 390 
36 41 0 
36 41 0 8 
36 104 160 
36 8 8 
36 403 320 
36 399 154 
36 399 154 0 
36 182 404 
36 182 404 56 
36 182 404 56 3 
36 405 403 
36 8 406 
36 41 407 
36 31 8 
36 403 408 
36 406 37 
36 409 387 
36 409 387 154 
36 409 387 154 0 
36 0 407 
36 8 403 
36 148 320 
36 387 410 
36 164 410 
36 411 156 
36 154 412 
36 412 272 
36 181 25 
36 181 25 154 
36 148 157 
36 148 157 209 
36 156 413 
36 156 413 154 
36 154 414 
36 154 414 148 
36 399 154 
36 154 0 
36 148 403 
36 410 415 
36 25 411 
36 25 411 387 
36 406 148 
36 322 148 
36 165 416 
36 403 404 
36 37 156 
36 37 156 31 
36 387 417 
36 153 411 
36 104 412 
36 387 318 
37 148 431 430 31 
37 153 432 
37 153 432 421 
37 127 44 
37 127 44 433 
37 127 44 433 8 
37 8 31 
37 8 31 73 
37 419 50 
37 148 262 
37 146 8 
37 41 146 
37 430 423 
37 430 423 434 
37 148 153 
37 148 153 362 
37 37 128 
37 37 128 33 
37 24 435 
37 436 403 
37 421 318 
37 8 41 
37 24 437 
37 96 438 
37 148 148 
37 439 423 
37 440 441 
37 8 146 
37 8 146 
37 431 436 
37 431 258 
37 18 37 
37 33 422 
37 442 37 
37 8 44 
37 419 44 
37 96 37 
37 96 37 148 
37 431 14 
37 367 443 
37 444 26 
37 444 26 431 
37 444 26 431 14 
37 33 33 
37 8 445 
37 128 320 
37 37 0 
37 44 443 
38 453 182 
38 453 182 454 
38 56 56 
38 33 33 
38 451 33 
38 33 56 
38 455 33 
38 49 456 
38 33 33 
38 33 33 33 
38 56 56 
39 457 458 
39 457 406 
40 412 412 
40 412 412 
40 341 462 
40 412 412 
40 134 412 
40 412 372 
40 412 372 371 
40 463 362 
40 412 412 
40 412 412 
40 412 412 
40 412 412 
40 412 412 
40 412 412 
40 412 412 412 
40 412 412 412 412 
40 412 412 412 412 412 
40 412 412 
40 341 341 
40 462 362 
40 462 362 464 
40 462 362 464 459 
40 371 412 
40 371 412 412 
40 412 412 
40 412 412 
40 341 371 
40 412 182 
40 412 412 
40 412 371 
40 412 371 362 
40 412 371 362 465 
40 412 412 
40 412 462 
40 412 412 
40 412 412 
40 412 412 
40 412 412 412 
40 412 412 
40 412 412 371 
40 466 412 
40 412 412 
40 371 412 
40 412 462 
40 412 462 362 
40 412 412 
40 412 412 
40 412 412 
40 412 412 412 
40 412 412 
40 412 412 412 
40 412 412 
40 412 412 
40 412 412 
40 412 412 
40 412 412 412 
40 412 412 412 412 
40 412 412 412 412 412 
40 412 412 
40 412 412 462 
40 134 412 
40 134 412 412 
40 412 412 
40 412 412 412 
40 412 412 
40 412 412 412 
40 412 412 
40 412 412 
41 91 471 471 
41 91 471 471 472 
41 91 471 471 472 8 
41 41 41 
41 41 41 41 
41 41 41 41 152 
41 41 41 41 152 41 
42 437 480 
42 437 480 481 
42 437 480 481 476 
42 482 476 
42 483 484 
42 483 484 474 
42 483 484 474 436 
42 483 484 474 436 476 
42 485 474 
42 485 474 486 
42 8 8 
42 487 479 
42 487 479 488 
42 487 479 488 450 
42 422 44 
42 477 489 
42 477 489 487 
42 56 41 
42 490 489 
42 486 148 
42 29 44 
42 29 44 393 
42 487 25 
42 436 474 
42 491 179 
43 422 432 25 
43 12 499 
43 29 8 
43 29 8 450 
43 500 501 
43 500 501 422 
43 500 501 422 502 
43 500 501 422 502 8 
43 500 501 422 502 8 8 
43 487 8 
43 487 8 8 
43 487 8 8 21 
43 487 8 8 21 10 
43 487 8 8 21 10 501 
43 487 8 8 21 10 501 503 
43 504 474 
43 504 474 10 
43 504 474 10 390 
43 504 474 10 390 262 
43 504 474 10 390 262 161 
43 499 154 
43 8 8 
43 505 37 
43 505 37 8 
43 505 37 8 41 
43 37 159 
43 505 8 
43 8 10 
43 8 506 
43 262 154 
43 499 165 
43 469 507 
43 469 507 12 
43 8 508 
43 8 8 
43 8 8 509 
43 422 0 
43 0 474 
43 10 510 
45 35 163 512 
45 35 163 512 513 
46 514 515 516 517 
46 514 515 516 517 518 
46 514 515 516 517 518 144 
47 50 0 0 
47 50 0 0 0 
47 50 0 0 0 493 
47 14 493 
48 520 522 
48 523 216 
48 523 216 216 
48 523 216 216 524 
49 106 405 
49 106 405 106 
49 106 405 106 106 
49 106 145 
49 106 145 145 
49 106 145 145 106 
49 106 145 145 106 537 
49 539 450 
49 539 450 422 
49 528 106 
49 528 106 145 
49 106 282 
49 422 31 
49 422 31 540 
49 145 106 
49 145 106 31 
49 282 541 
49 106 41 
49 106 106 
49 145 542 
49 145 542 106 
49 106 543 
49 106 543 531 
49 106 526 
49 544 106 
49 544 106 529 
49 544 106 529 545 
49 546 148 
49 546 148 547 
49 106 106 
49 106 106 548 
49 106 145 
49 106 145 106 
49 549 422 
49 106 44 
49 106 44 550 
49 106 44 550 551 
49 106 44 550 551 548 
49 106 44 550 551 548 552 
49 324 106 
49 324 106 8 
49 324 106 8 549 
49 553 103 
49 553 103 103 
49 544 25 
49 544 25 31 
49 544 25 31 554 
49 555 165 
49 106 556 
49 154 106 
49 154 106 538 
49 528 532 
49 528 532 106 
50 557 557 
50 557 557 8 
51 471 563 412 412 412 562 
51 471 563 412 412 412 562 412 
51 471 563 412 412 412 562 412 187 
51 564 471 
51 267 412 
51 565 464 
51 565 464 267 
51 565 464 267 267 
51 565 464 267 267 566 
51 25 0 
51 181 109 
51 181 109 0 
51 567 182 
51 377 209 
51 564 564 
51 564 564 267 
51 564 564 267 412 
51 564 564 267 412 412 
51 564 564 267 412 412 412 
51 564 564 267 412 412 412 565 
51 568 0 
51 568 0 0 
51 25 8 
51 25 8 425 
51 25 8 425 569 
51 25 8 425 569 570 
51 25 8 425 569 570 412 
51 25 8 425 569 570 412 464 
51 25 8 425 569 570 412 464 62 
51 25 8 425 569 570 412 464 62 51 
51 341 341 
51 341 341 182 
51 341 341 182 182 
51 341 341 182 182 182 
51 571 571 
51 571 571 572 
51 109 212 
51 0 41 
51 0 41 412 
51 109 182 
51 109 182 0 
51 109 182 0 0 
51 573 574 
51 573 574 575 
51 573 574 575 576 
51 559 103 
51 559 103 574 
51 341 341 
51 561 577 
52 41 8 
52 583 41 
52 583 41 41 
52 583 41 41 179 
52 320 41 
52 320 41 41 
52 320 41 41 41 
52 585 0 
52 585 0 159 
52 585 0 159 41 
52 41 179 
52 41 41 
52 41 41 41 
52 41 41 
52 41 140 
52 0 41 
52 41 41 
52 41 41 
52 41 41 41 
52 41 41 41 41 
52 41 586 
52 8 587 
52 41 41 
52 41 41 41 
52 41 584 
52 588 583 
52 578 41 
52 414 41 
52 41 8 
52 41 412 
52 589 41 
52 589 41 41 
52 41 148 
52 41 41 
52 41 41 
52 41 41 
52 41 41 
52 41 41 
52 41 41 
52 41 41 41 
52 41 41 41 160 
52 41 41 
52 41 41 41 
52 41 41 
52 41 41 
52 41 41 41 
52 41 41 
52 41 41 41 
52 41 41 41 41 
52 41 41 
52 41 41 
52 41 41 
52 41 41 41 
52 41 41 
52 41 41 
52 41 41 41 
52 41 41 41 41 
52 41 41 
52 41 41 41 
52 41 41 
52 41 41 
52 41 41 41 
52 41 41 
52 320 41 
52 41 41 
52 41 41 
52 41 41 
52 41 41 
52 41 41 41 
52 41 41 
52 41 41 41 
52 41 0 
52 41 0 41 
52 41 0 41 41 
52 41 0 41 41 41 
52 41 41 
52 41 41 
52 41 25 
52 150 590 
53 341 341 
53 594 549 
53 25 595 
53 25 595 549 
54 33 33 33 
54 33 33 33 8 
54 492 8 
54 8 8 
54 596 8 
54 596 8 8 
54 596 8 8 8 
54 596 8 
54 153 8 
54 153 8 8 
54 153 8 8 8 
54 153 8 8 8 472 
54 8 8 
54 8 8 599 
54 8 33 
54 8 41 
54 412 412 
54 412 412 472 
54 8 104 
54 406 600 
54 601 104 
55 187 187 
55 187 187 412 
55 187 187 
55 269 25 
55 56 605 
55 187 187 
55 187 187 
55 187 187 
55 187 187 
55 187 187 
55 187 187 
55 187 187 187 
55 187 187 187 187 
55 187 187 
55 34 270 
55 187 187 
55 187 270 
55 270 606 
55 187 607 
55 187 187 
55 187 187 
55 187 187 
55 270 187 
55 266 608 
55 236 187 
56 8 472 541 609 
56 501 610 
57 175 175 175 
57 175 175 175 175 
58 613 614 
58 148 104 
58 148 8 
58 320 8 
58 613 182 
58 613 182 320 
58 212 176 
58 222 148 
58 152 152 
58 152 152 152 
58 152 152 152 176 
58 148 320 
58 148 320 153 
58 148 320 
58 148 153 
58 148 153 41 
58 611 110 
58 320 21 
58 148 346 
58 8 8 
58 148 41 
58 41 21 
58 148 41 
58 540 615 
58 540 148 
58 37 56 
58 616 37 
58 616 37 617 
58 37 46 
58 7 182 
59 618 165 
59 76 76 
60 619 619 
61 625 33 
61 625 33 176 
61 56 56 
61 56 56 56 
61 56 56 56 56 
61 56 56 56 56 56 
61 267 626 
61 341 627 
61 362 628 
61 380 341 
61 56 56 
61 341 629 
61 341 629 56 
61 341 629 56 56 
61 341 629 56 56 56 
61 56 281 
61 521 281 
61 152 630 
64 41 41 
64 41 41 
64 41 76 
64 41 41 
65 377 7 7 
65 377 166 
65 377 377 
65 636 636 
65 637 152 
65 270 270 
65 270 270 270 
65 270 270 270 132 
65 109 201 
65 215 377 
65 8 377 
65 8 41 
65 41 41 
65 41 41 41 
65 41 41 41 638 
65 41 41 41 638 639 
67 493 641 
67 182 0 
67 641 643 
67 641 644 
68 56 56 176 
68 56 56 
68 56 56 56 
68 56 56 
68 56 56 
68 56 56 56 
69 645 661 181 
69 645 661 181 650 
69 573 8 
69 650 645 
69 181 662 
69 663 56 
69 663 56 645 
69 664 665 
69 148 50 
69 130 645 
69 132 391 
69 649 645 
69 8 649 
69 666 0 
69 666 0 4 
69 39 645 
69 39 645 173 
69 667 664 
69 665 668 
69 665 668 56 
69 665 668 56 669 
69 665 668 56 669 3 
69 155 670 
69 332 664 
69 332 664 665 
69 332 664 665 664 
69 665 664 
69 665 664 665 
69 335 0 
69 181 236 
69 181 236 649 
69 181 236 649 29 
69 481 25 
69 649 671 
70 56 56 
70 56 56 56 
70 56 675 
70 676 62 
70 56 56 
70 56 56 56 
70 56 56 56 56 
70 56 56 
70 56 56 
70 56 672 
71 681 216 371 371 
71 371 521 
71 371 521 682 
71 683 371 
71 683 371 371 
71 110 521 
71 371 371 
71 521 110 
71 109 371 
71 371 461 
71 684 371 
71 461 685 
71 371 371 
71 371 371 371 
71 371 686 
71 521 687 
71 688 371 
71 684 371 
71 371 371 
71 371 371 
71 371 371 
71 688 689 
71 677 678 
71 677 678 216 
71 110 677 
71 678 677 
71 678 110 
71 216 216 
71 216 689 
71 110 110 
72 122 50 
72 122 50 50 
73 50 690 125 50 
73 50 690 125 50 691 
74 692 692 
75 24 30 
75 8 8 
75 8 8 35 
75 284 24 
75 694 296 
75 148 147 
77 176 699 
77 176 29 
77 176 424 
77 176 195 
77 101 29 
77 176 176 
77 176 176 
77 176 176 
79 700 10 701 
79 700 10 701 111 
80 703 501 
80 703 501 702 
80 501 704 
80 165 501 
80 501 501 
80 501 705 
80 703 116 
80 41 41 
80 41 41 703 
80 501 706 
80 26 148 
81 50 708 
81 709 165 
82 8 710 
82 8 8 
82 8 8 
82 8 8 
82 8 8 8 
82 8 8 
82 8 8 
82 8 8 
82 711 8 
82 8 8 
82 8 8 
82 8 8 8 
82 8 8 8 8 
82 8 8 
82 8 8 
82 712 8 
82 8 8 
82 159 8 
82 163 8 
82 8 8 
82 8 8 
82 8 8 
82 8 8 
82 8 8 
82 8 586 
82 8 8 
82 8 8 
82 8 8 
82 159 8 
82 8 8 
82 8 8 8 
82 8 8 
82 8 8 
82 8 8 
82 8 8 
82 8 8 
82 8 8 8 
82 8 8 
82 8 8 8 
82 8 8 8 8 
82 712 713 
82 8 159 
82 8 8 
83 187 187 
84 377 341 574 
84 377 341 574 574 
85 341 341 341 
85 718 341 
85 718 341 341 
85 341 341 
85 341 341 
85 341 341 719 
85 716 720 
85 341 341 
85 341 341 341 
85 341 341 341 336 
85 341 341 341 336 109 
85 341 341 341 336 109 336 
85 341 341 341 336 109 336 341 
85 716 718 
85 718 341 
85 718 341 341 
85 292 132 
85 292 132 721 
85 210 234 
85 210 234 211 
85 221 264 
85 221 264 722 
85 221 264 722 196 
85 8 110 
85 221 723 
85 724 723 
85 724 723 234 
85 724 723 234 209 
85 724 723 234 209 725 
85 270 726 
85 722 209 
85 722 209 723 
85 727 234 
85 110 110 
85 723 209 
85 211 180 
85 723 234 
85 728 716 
86 176 731 
86 176 731 176 
86 25 319 
86 0 165 
86 732 499 
86 732 499 49 
86 499 39 
86 499 39 176 
86 176 176 
86 8 572 
86 8 572 49 
86 165 559 
86 181 181 
86 733 176 
86 559 49 
86 734 735 
87 737 56 
87 738 283 
87 274 56 
87 56 56 
87 56 56 
87 176 339 
88 493 213 
88 739 512 
88 739 512 493 
88 739 25 
88 8 8 
88 29 159 
90 41 41 
90 41 41 41 
91 176 501 
91 176 501 501 
91 746 747 
91 56 742 
91 742 165 
91 447 742 
91 742 447 
91 742 744 
91 742 742 
91 744 50 
91 744 50 742 
91 744 50 742 742 
91 165 447 
91 742 744 
91 50 165 
93 687 686 
93 686 41 
93 750 686 
93 751 752 
94 144 56 56 56 
94 753 8 
94 50 50 
95 493 755 
95 182 7 
95 38 388 
95 163 276 
95 163 276 26 
95 167 755 
95 26 755 
95 38 10 
95 8 8 
95 493 30 
95 0 154 
95 155 388 
96 757 627 
96 758 758 
96 759 760 
96 761 762 
96 145 763 
96 145 763 760 
97 56 56 56 
97 765 56 
97 765 56 56 
97 73 766 
97 33 767 
97 56 56 
98 56 56 56 
98 56 56 
100 341 341 
100 341 341 
100 176 76 
100 464 0 
101 18 74 149 92 
101 18 74 149 92 25 
101 18 74 149 92 25 349 
102 154 154 
102 154 154 154 
102 154 154 154 769 
102 154 154 154 769 386 
103 776 770 
103 777 778 
103 770 379 
103 770 379 772 
103 770 379 772 770 
103 771 774 
103 771 774 675 
103 56 56 
103 772 771 
103 770 774 
103 770 774 779 
103 770 772 
103 79 771 
103 777 770 
103 56 56 
103 770 778 
104 540 176 
104 176 455 
105 380 780 
105 39 129 
105 39 129 138 
105 39 129 138 341 
105 39 129 138 341 341 
105 783 33 
106 381 784 661 165 
106 784 785 
106 784 785 229 
106 784 785 229 381 
107 165 165 33 
107 165 165 33 787 
107 27 501 
107 27 501 501 
107 165 33 
107 33 788 
107 252 789 
108 754 513 
108 754 513 8 
108 165 790 
108 25 790 
108 25 790 791 
108 41 41 
108 165 790 
108 165 790 791 
108 8 0 
108 50 791 
108 790 791 
108 790 791 
108 794 790 
108 790 791 
108 790 791 
108 790 791 
108 790 791 
108 754 795 
108 790 791 
108 790 791 
108 790 791 
108 790 791 
108 165 165 
108 790 791 
108 790 791 
108 791 790 
108 790 791 
109 353 0 
109 472 103 
109 109 371 
109 353 0 
109 148 275 
109 148 275 138 
109 353 799 
109 445 358 
109 798 800 
109 86 7 
109 416 801 
109 358 801 
109 799 129 
110 25 0 10 
110 405 10 
110 405 804 
110 802 697 
110 805 802 
110 805 296 
110 805 296 41 
110 805 296 41 41 
110 165 179 
110 802 0 
110 697 0 
110 0 0 
110 0 0 0 
110 0 76 
110 66 0 
110 804 346 
111 56 165 
111 808 806 
111 808 806 808 
111 806 810 
112 56 56 
112 56 56 176 
112 56 56 
113 812 563 
114 66 17 66 515 
114 346 8 
114 346 8 313 
114 322 37 
114 322 37 315 
114 464 25 
114 103 8 
114 814 563 
114 25 815 
114 464 187 
114 464 187 34 
114 76 76 
114 76 76 179 
114 76 76 179 421 
114 757 46 
114 76 816 
115 50 817 818 
115 819 764 
115 819 764 819 
117 56 56 
117 56 56 56 
120 41 823 
121 824 824 
121 824 564 
121 824 824 
122 627 627 825 
122 430 148 
122 250 425 
122 250 425 148 
122 827 430 
122 828 829 
122 828 829 430 
122 828 829 430 148 
122 830 148 
122 831 831 
122 832 831 
122 8 148 
122 8 148 8 
122 134 104 
122 148 33 
122 148 33 33 
122 657 349 
122 37 832 
122 833 285 
122 833 285 285 
123 8 834 
123 8 834 
123 8 834 8 
123 8 8 
123 53 836 
123 153 8 
123 103 26 
125 73 56 
125 56 56 
125 56 56 
125 56 56 
125 56 56 56 
125 56 56 
125 56 56 
125 56 56 
125 56 115 
125 56 56 
125 56 56 
125 56 708 
125 56 56 
125 56 56 
125 56 56 
125 56 73 
125 56 56 
125 56 56 
126 8 37 
126 41 173 
126 179 839 
126 179 839 153 
126 700 147 
126 432 8 
126 614 840 
127 153 27 584 
128 841 841 165 
128 841 842 
128 56 843 
128 29 8 
129 844 401 
130 850 851 852 853 854 855 
130 850 851 852 853 854 855 856 
130 857 341 
130 857 341 850 
130 744 744 
130 744 744 744 
130 744 744 744 174 
130 858 859 
130 849 753 
130 849 753 850 
130 849 753 850 860 
130 849 753 850 860 861 
130 152 152 
130 152 152 
130 862 863 
130 862 863 864 
130 865 353 
130 866 129 
131 29 349 
131 46 541 
131 869 18 
131 46 41 
131 104 148 
131 104 148 548 
131 870 46 
131 104 8 
131 867 86 
131 31 871 
131 148 284 
131 872 867 
131 872 104 
131 41 41 
131 867 27 
131 873 836 
132 179 179 179 179 876 877 878 879 880 8 8 
132 179 179 179 179 876 877 878 879 880 8 8 179 
132 179 179 179 179 876 877 878 879 880 8 8 179 179 
132 179 179 179 179 876 877 878 879 880 8 8 179 179 179 
132 192 881 
132 192 881 882 
132 192 881 882 883 
132 192 881 882 883 8 
132 884 885 
132 0 886 
132 0 0 
132 0 0 0 
132 0 0 0 563 
132 0 0 0 563 267 
132 0 0 0 563 267 267 
132 0 0 0 563 267 267 562 
132 0 0 0 563 267 267 562 412 
132 0 0 0 563 267 267 562 412 8 
132 0 0 0 563 267 267 562 412 8 8 
132 0 0 0 563 267 267 562 412 8 8 8 
132 176 177 
132 176 177 176 
132 176 177 176 176 
132 8 887 
132 888 8 
133 295 270 
133 270 258 
133 890 258 
134 549 29 
134 356 29 
134 37 37 
134 37 37 8 
134 356 362 
134 892 8 
134 892 8 8 
134 891 891 
134 479 356 
135 796 317 
135 258 895 
135 0 317 
135 599 5 
136 806 810 
136 708 806 
136 806 810 
137 897 901 
137 897 901 897 
137 897 859 
137 897 902 
137 897 902 897 
137 182 412 
137 182 412 209 
137 897 50 
137 739 903 
137 181 897 
137 181 897 859 
137 181 897 859 897 
137 739 897 
137 739 897 897 
137 897 897 
137 897 903 
137 900 897 
137 652 645 
137 722 607 
137 904 270 
137 904 270 181 
137 904 270 181 722 
137 905 906 
137 904 902 
137 181 152 
138 412 589 
138 412 589 34 
139 412 341 
139 561 910 
140 764 148 
140 143 56 
140 143 143 
140 143 143 148 
141 501 178 
141 8 761 
141 913 178 
141 501 647 
141 501 647 193 
141 700 647 
141 647 17 
141 914 8 
142 25 25 25 
142 915 916 
143 917 181 
143 592 592 
144 918 647 647 
145 77 919 
146 921 921 
146 921 921 72 
146 530 766 
146 56 72 
146 56 72 
146 56 72 56 
146 56 72 56 73 
146 511 73 
146 511 73 73 
146 511 73 73 858 
146 73 72 
146 72 73 
146 766 104 
146 56 72 
146 72 25 
147 922 923 
147 922 923 
147 922 923 
147 237 647 
147 237 647 647 
147 925 647 
147 925 103 
147 647 925 
148 10 8 
148 8 10 
148 8 10 927 
148 8 8 
148 10 10 
148 165 165 
148 8 8 
148 928 10 
148 797 290 
148 165 926 
148 479 12 
148 594 146 
148 8 10 
148 797 215 
148 8 8 
148 0 0 
148 929 21 
148 929 21 12 
148 41 41 
149 35 394 931 932 
149 507 163 
149 507 163 493 
149 507 163 493 506 
149 39 39 
149 412 140 
149 412 140 138 
149 865 35 
149 163 191 
150 935 936 937 
150 935 935 
150 935 935 935 
150 936 935 
150 936 935 935 
150 936 935 935 938 
150 939 935 
150 936 935 
150 936 935 29 
150 936 935 29 29 
150 936 935 29 29 29 
150 936 935 29 29 29 29 
150 936 935 29 29 29 29 29 
150 29 29 
150 29 29 
150 935 935 
150 939 936 
150 7 940 
151 613 943 
151 944 777 
151 73 281 
151 945 463 
152 56 56 
152 56 56 56 
152 56 56 
152 56 56 
153 946 947 948 949 
153 30 950 
154 951 195 
155 8 0 
155 152 152 
156 212 956 
156 110 953 
156 957 957 
156 957 957 957 
156 957 957 957 958 
156 957 957 957 958 240 
156 957 957 957 958 240 7 
156 240 959 
156 960 961 
157 166 964 0 964 
157 964 964 
157 7 964 
157 166 964 
157 166 964 362 
157 964 964 
157 964 964 103 
157 964 964 103 964 
157 965 964 
157 103 964 
157 103 964 33 
157 103 964 33 661 
157 103 964 33 661 166 
157 103 964 33 661 166 966 
157 103 964 33 661 166 966 362 
157 967 354 
157 182 182 
157 577 341 
157 577 341 166 
157 577 341 166 182 
157 182 968 
157 182 968 969 
157 964 964 
158 56 56 56 
159 471 471 
159 33 33 
160 176 25 
160 971 140 
160 116 165 
160 8 8 
161 521 56 56 56 973 
161 176 56 
161 176 56 56 
161 176 56 56 61 
161 806 806 
161 806 806 974 
161 56 56 
161 56 56 56 
162 975 56 56 
163 41 41 
163 41 41 41 
163 56 56 
163 124 56 
163 56 56 
163 56 56 
163 50 976 
164 56 56 
164 50 50 
164 56 56 
164 56 56 56 
164 56 56 
164 977 978 
166 182 944 
166 336 944 
166 336 944 341 
166 103 263 
166 944 341 
166 341 782 
166 985 182 
166 944 454 
166 341 944 
166 985 138 
166 985 138 109 
166 490 165 
166 263 986 
166 7 987 
166 988 987 
166 989 182 
166 989 182 944 
166 182 944 
166 987 985 
166 987 341 
166 109 983 
166 987 454 
166 987 990 
166 574 574 
166 621 944 
166 182 245 
166 362 944 
166 968 987 
166 7 987 
166 944 987 
166 980 621 
166 980 621 103 
166 103 944 
166 103 944 985 
167 273 259 260 
167 522 216 
167 152 152 
167 993 994 
167 152 522 
167 522 995 
167 523 152 
167 522 522 
167 993 152 
168 50 50 
169 56 56 
169 56 56 56 
170 529 998 
170 37 999 
170 320 320 
170 322 46 
170 46 8 
170 46 8 1000 
170 106 1001 
170 322 103 
170 1002 46 
170 41 41 
170 615 154 
170 615 154 25 
170 41 320 
170 37 320 
170 97 322 
170 271 320 
170 41 320 
170 41 41 
170 106 320 
170 320 322 
170 320 41 
170 320 103 
170 543 1003 
170 320 1002 
170 320 1002 85 
170 320 148 
170 320 41 
170 320 41 320 
170 320 41 320 148 
170 320 41 320 148 41 
170 41 320 
170 41 320 320 
173 284 33 76 
173 284 33 76 33 
174 8 152 
176 754 512 
176 765 35 
176 455 508 
176 512 512 
176 512 765 
176 512 765 950 
176 512 507 
176 493 1011 
176 493 1011 512 
176 754 284 
176 754 284 5 
176 512 1012 
176 512 765 
176 1013 512 
176 950 24 
176 950 512 
176 950 512 512 
176 754 765 
176 754 765 35 
176 1014 30 
176 163 512 
176 507 1015 
176 507 1015 512 
177 1017 972 
177 1017 972 521 
177 972 1018 
177 349 752 
177 187 597 
177 521 752 
178 873 27 
178 412 187 
180 54 151 
180 54 151 46 
180 54 151 46 96 
180 54 151 46 96 146 
181 191 212 37 182 212 
181 968 212 
181 212 212 
181 212 212 628 
181 966 362 
181 212 103 
181 212 968 
181 212 968 257 
181 212 968 257 209 
181 212 37 
181 212 240 
181 212 212 
181 212 212 212 
181 152 412 
181 152 412 412 
181 152 412 412 212 
181 257 240 
181 257 240 212 
181 103 37 
181 103 37 103 
181 103 37 103 212 
181 1023 182 
181 1023 182 212 
181 1023 182 212 152 
181 1023 182 212 152 212 
181 212 37 
181 212 953 
181 212 212 
181 212 628 
181 212 628 986 
181 968 182 
181 966 109 
181 966 109 216 
181 966 109 216 212 
181 7 212 
181 212 1024 
181 212 50 
181 182 182 
181 212 180 
182 176 33 
182 176 176 
182 50 50 
182 50 50 50 
182 422 176 
182 29 0 
182 29 0 103 
182 29 0 103 176 
182 50 50 
182 50 50 50 
182 176 176 
182 56 176 
182 50 50 
182 1027 497 
182 497 0 
182 497 0 0 
182 50 497 
182 497 29 
182 497 29 0 
182 0 0 
182 29 29 
182 115 108 
182 252 56 
182 252 56 56 
182 50 497 
183 175 8 
184 41 149 27 
186 1029 104 
187 56 56 
187 56 56 56 
188 1031 1033 
188 1034 33 
188 56 56 
188 869 869 
188 1035 869 
188 1035 869 836 
189 572 572 
189 572 572 1037 
189 1036 501 
189 1036 1037 
191 1039 497 497 
191 458 50 
191 458 50 50 
191 458 50 50 50 
191 458 50 50 50 50 
192 1041 1042 
192 1043 1042 
193 273 130 
193 1044 109 
193 1044 109 1046 
196 76 284 1048 1049 
196 76 284 1048 1049 97 
196 76 284 1048 1049 97 30 
197 107 107 
198 4 176 1050 1051 
198 205 205 
198 551 30 
198 756 442 
198 8 8 
198 41 41 
199 185 187 
199 185 187 187 
199 185 187 187 187 
199 187 187 
201 165 165 
201 165 165 
201 165 165 1053 
201 165 165 1053 1054 
202 56 1056 
203 1057 57 973 1057 1058 
203 1057 57 973 1057 1058 1059 
203 1057 1057 
203 1057 1057 1060 
204 341 341 
204 341 341 501 
204 341 1061 
204 341 1061 501 
204 666 422 
204 33 347 
204 341 519 
204 861 1063 
204 91 462 
204 0 0 
204 341 341 
204 168 0 
204 168 0 21 
205 50 50 
205 4 29 
205 50 497 
206 0 699 
206 1068 270 
206 1068 270 475 
206 1069 1070 
206 47 0 
206 47 388 
207 1072 154 627 
207 285 37 
207 148 501 
207 1073 1074 
207 1075 148 
208 471 589 471 
208 471 1076 
210 165 501 
210 165 501 1078 
210 179 1079 
210 76 1078 
210 477 1080 
210 76 1077 
211 30 1081 1082 267 
211 138 1083 
211 1084 563 
211 347 152 
213 1086 1085 
213 50 50 
214 20 1089 
214 20 1089 20 
216 56 56 
216 926 56 
218 1096 1097 1098 1099 874 134 188 188 107 1022 122 1100 50 
218 1096 1097 1098 1099 874 134 188 188 107 1022 122 1100 50 50 
218 1096 1097 1098 1099 874 134 188 188 107 1022 122 1100 50 50 50 
218 1101 497 
218 1101 497 1102 
218 1101 497 1102 122 
218 1101 497 1102 122 497 
218 1101 497 1102 122 497 1103 
218 1101 497 1102 122 497 1103 279 
218 1101 497 1102 122 497 1103 279 790 
218 1101 497 1102 122 497 1103 279 790 1104 
218 1101 497 1102 122 497 1103 279 790 1104 1105 
218 1106 1107 
218 1106 1107 1107 
218 1106 1107 1107 1108 
218 1106 1107 1107 1108 1109 
218 1106 1107 1107 1108 1109 511 
218 1106 1107 1107 1108 1109 511 56 
218 1106 1107 1107 1108 1109 511 56 72 
218 1106 1107 1107 1108 1109 511 56 72 1110 
218 1106 1107 1107 1108 1109 511 56 72 1110 1111 
218 1106 1107 1107 1108 1109 511 56 72 1110 1111 1112 
218 1106 1107 1107 1108 1109 511 56 72 1110 1111 1112 108 
218 122 50 
218 1113 68 
218 1113 68 1114 
218 50 1022 
218 1040 497 
218 50 50 
218 50 50 50 
218 50 50 50 50 
218 50 50 50 50 50 
218 50 50 50 50 50 50 
218 50 50 50 50 50 50 50 
220 1117 1118 869 
220 1119 1120 
220 24 349 
220 73 29 
220 74 835 
220 1121 349 
220 1122 836 
220 329 18 
220 548 18 
220 88 1123 
220 88 1123 195 
220 349 24 
220 349 24 172 
220 349 24 172 349 
221 82 73 
222 1124 1124 
222 1125 1124 
222 742 1126 
222 1124 1124 
223 56 485 
223 143 143 
224 175 175 
224 175 175 
224 175 175 
224 1127 175 
224 175 175 
224 175 175 
224 175 175 
224 165 165 
224 24 29 
225 49 370 
225 49 370 112 
226 1128 1128 
227 1129 0 
227 258 103 
227 258 103 697 
227 258 103 697 103 
227 103 988 
227 1129 697 
227 1129 697 103 
227 1129 697 103 103 
227 1130 1131 
227 103 1129 
227 103 103 
227 103 302 
227 103 302 258 
227 258 103 
227 103 103 
227 0 258 
227 0 258 1132 
227 0 258 1132 103 
227 103 103 
227 103 103 103 
227 103 103 
227 1133 258 
227 0 258 
227 103 0 
227 103 25 
227 103 988 
227 103 103 
227 103 103 
227 103 969 
227 258 258 
228 8 32 
228 153 1134 
229 623 1099 
229 529 1136 
229 1082 188 
229 459 1094 
229 744 188 
229 623 267 
229 623 267 687 
229 459 464 
229 459 464 267 
229 459 464 267 464 
229 459 459 
229 34 187 
229 687 980 
229 1136 267 
229 459 687 
229 412 459 
229 412 459 589 
229 1137 563 
229 1137 563 464 
229 1137 563 464 459 
230 1140 284 
230 1141 0 
230 24 0 
230 744 1142 
231 1143 1143 1143 1143 
231 1143 1143 1143 1143 1144 
231 1143 1143 1143 1143 1144 1143 
231 1145 34 
233 11 102 
233 1147 1148 
235 341 341 
235 341 11 
235 11 1150 
235 341 623 
236 56 56 56 
237 1151 769 
237 1151 769 
238 29 1004 1152 
239 371 342 
239 412 341 
239 341 367 
239 777 1153 
239 589 1153 
239 1153 590 
239 1155 129 
239 777 1153 
239 1153 129 
240 0 103 182 
240 407 0 
240 30 74 
240 346 7 
240 182 7 
240 50 549 
240 182 295 
240 7 201 
240 7 215 
241 56 56 
241 1159 56 
241 56 521 
241 223 1160 
241 223 1160 1161 
241 1156 1157 
242 1103 691 
242 1162 1163 
244 1165 1000 
244 1166 33 
244 33 33 
244 33 33 33 
244 1167 240 
244 33 33 
244 33 430 
244 33 430 1168 
244 349 33 
244 349 33 33 
244 611 33 
244 611 33 33 
244 611 33 33 33 
244 33 33 
244 869 349 
244 869 349 284 
244 1169 33 
244 1169 33 33 
244 33 33 
244 148 33 
244 148 33 33 
244 33 33 
244 33 33 
244 33 33 33 
244 390 33 
244 390 33 494 
244 1170 1171 
244 33 33 
244 33 33 33 
244 33 33 33 33 
244 33 33 
244 33 33 33 
245 1069 1069 
245 1140 497 
246 3 405 
247 623 341 
247 623 341 1179 
247 8 147 
247 8 147 1177 
247 147 34 
247 147 1177 
247 31 1177 
247 250 1176 
247 816 37 
247 8 8 
247 147 1177 
247 25 8 
247 31 147 
248 165 501 
248 165 165 
248 501 165 
248 501 165 
248 165 165 
249 7 0 
249 7 549 
249 0 336 
249 7 397 
251 1181 267 1181 
251 347 1181 
251 347 1181 347 
252 1182 1183 0 
252 0 1184 
252 1184 1182 
252 1183 1185 
252 894 586 
252 148 341 
252 0 322 
254 73 56 56 1186 
254 339 176 
256 56 56 
257 8 8 
257 76 501 
258 1189 1190 412 
258 1189 1190 412 565 
258 1189 1190 412 565 1190 
258 1189 1190 412 565 1190 412 
258 1189 1190 412 565 1190 412 881 
258 814 1191 
258 403 412 
258 293 474 
258 293 474 1192 
258 293 474 1192 1193 
258 1076 1194 
258 1076 1194 1195 
258 403 1196 
258 922 923 
258 922 923 1188 
259 1202 8 
259 8 8 
259 165 50 
259 50 50 
259 50 50 395 
259 50 50 395 0 
259 8 501 
259 8 501 29 
259 1203 165 
259 1203 165 1199 
259 50 50 
259 50 50 50 
259 50 50 50 757 
260 388 767 
260 1204 594 
261 165 975 
261 176 165 
262 152 152 
262 152 152 216 
262 7 110 
262 637 152 
263 132 182 
263 1209 182 
263 182 256 
263 234 412 
263 138 1210 
263 216 460 
263 216 460 7 
263 56 7 
263 0 103 
264 56 56 56 
264 72 56 
265 680 1211 97 
266 138 412 744 744 
266 138 412 744 744 50 
266 138 412 744 744 50 50 
266 179 1212 
267 56 56 
267 56 56 
267 56 56 56 
267 56 56 56 56 
267 56 56 56 56 56 
267 56 56 
267 56 56 56 
267 56 56 
267 56 56 
267 56 56 
267 56 56 
268 1215 284 
268 248 249 
271 1218 76 
272 165 756 165 
272 472 761 
272 756 104 
272 761 761 
273 274 1221 
273 501 477 
273 165 501 
274 29 29 
276 1137 1137 
276 1210 1210 
276 1137 1099 
277 1222 1223 
277 1222 1223 1222 
277 1222 1222 
277 1223 1222 
278 165 414 
278 165 414 165 
278 1226 8 
278 165 165 
278 501 501 
278 165 501 
278 501 8 
278 501 8 806 
278 501 8 806 414 
278 501 165 
280 229 229 1228 
280 769 300 
280 769 300 268 
280 1229 1230 
281 615 1231 194 
282 46 1232 
282 41 41 
283 165 50 
283 50 50 
284 56 761 
284 115 501 
285 477 1002 
285 477 1002 472 
285 657 106 
285 657 106 543 
286 56 934 
286 58 56 
286 58 56 56 
287 792 1236 
287 181 181 
287 181 181 181 
288 50 50 50 
288 341 1061 
288 341 1061 191 
290 72 56 
290 72 56 56 
290 41 41 
290 41 41 41 
291 412 153 153 
291 179 153 
291 34 34 
291 1237 153 
291 153 153 
291 153 153 8 
291 615 187 
291 8 41 
291 27 1237 
292 278 56 
292 675 56 
293 176 176 
294 1224 1240 
295 33 1243 
295 1229 1230 
296 1037 647 
296 647 647 
297 56 56 56 
297 56 56 
298 271 37 1245 
298 271 37 1245 276 
298 271 37 1245 276 1246 
298 276 1247 
298 276 37 
298 550 276 
298 1246 276 
298 25 276 
298 20 276 
298 41 1248 
298 1249 276 
299 475 535 
299 158 26 
299 158 26 35 
300 0 0 
300 508 1251 
300 508 1251 165 
302 35 36 
303 1253 1254 
303 50 50 
305 284 41 41 
306 628 680 
307 713 147 
307 8 8 
307 103 8 
307 103 8 8 
307 1257 1258 
307 948 805 
307 7 182 
307 296 543 
308 780 237 
308 639 341 
308 639 191 
308 1259 341 
308 1260 639 
308 342 341 
308 368 985 
308 342 191 
309 412 350 
310 369 1262 
311 270 216 
311 270 216 41 
311 270 270 
311 148 1265 
313 56 56 
313 56 56 1266 
313 56 56 
313 56 56 
313 56 56 
313 56 56 
313 56 56 56 
313 56 56 56 56 
313 56 56 56 56 56 
313 56 56 
313 56 56 
313 56 56 
313 56 56 
313 56 56 
314 1067 1068 1067 
314 1067 1068 
315 1268 119 
315 116 540 
315 116 540 1267 
315 116 119 
315 116 119 116 
315 116 119 116 119 
315 116 119 
315 119 116 
315 1269 119 
316 56 56 
316 57 56 
316 56 56 
316 56 57 
316 56 56 
316 56 56 81 
316 56 57 
317 1271 759 
317 341 462 
320 8 8 
320 11 29 
320 1274 507 
320 1276 754 
320 44 98 
320 154 462 
320 154 462 165 
320 154 835 
320 553 106 
320 553 106 
320 19 25 
322 922 923 
323 26 26 
323 346 26 
324 1280 501 
324 1280 501 165 
324 505 8 
324 0 597 
324 341 341 
325 1281 1283 
325 1281 1283 1281 
325 1284 1281 
325 1284 1281 1285 
325 1282 723 
325 1282 723 1281 
325 1282 966 
325 1286 1287 
325 1281 1288 
325 1281 209 
325 1286 240 
325 1281 1282 
325 1281 1281 
325 1281 1281 1281 
325 1281 1281 1281 1284 
325 1281 209 
325 110 216 
325 1289 1281 
326 1292 464 
326 1292 464 34 
326 165 101 
326 165 101 1293 
326 8 8 
326 925 165 
326 8 698 
326 0 0 
326 1292 267 
326 1292 267 464 
326 1292 267 464 50 
327 56 281 
327 1069 1069 
327 497 1294 
327 1069 363 
327 1295 1069 
327 659 1294 
327 514 1069 
329 597 597 597 412 
329 597 134 
329 597 597 
329 597 597 
330 349 51 
330 349 51 1154 
330 56 56 
331 50 50 
331 50 50 50 
332 1298 1297 
332 1298 1298 
332 1298 1297 
332 362 1297 
332 1298 1297 
332 341 1297 
332 341 1297 1298 
332 1298 341 
332 1298 341 
332 1259 1298 
333 20 41 
333 41 175 
335 1302 511 835 
336 586 33 101 
336 176 383 
337 270 1305 
337 1303 910 
337 1306 1307 
337 1308 539 
337 1308 539 1307 
337 1308 539 1307 620 
337 1308 539 1307 620 1155 
337 597 597 
338 1310 1149 
338 1309 216 
338 1310 1311 
338 416 639 
339 35 765 
339 35 765 14 
339 39 4 
339 39 4 28 
339 46 392 
341 148 708 
341 529 1314 
341 148 147 
341 201 182 
342 677 678 
342 41 257 
342 349 157 
343 657 56 
343 56 56 
344 267 459 
344 191 1082 
344 418 459 
344 347 8 
345 349 836 1318 
345 869 33 
347 1319 516 281 
348 56 1231 
348 1321 413 
348 26 8 
348 30 46 
348 26 135 
348 26 135 1320 
348 37 46 
348 543 8 
349 1061 1322 
349 1323 990 
349 380 380 
349 341 341 
350 41 0 
350 103 56 
350 103 56 56 
350 0 1324 
350 0 745 
350 8 56 
350 8 8 
350 103 0 
350 56 56 
350 259 260 
350 657 151 
351 176 176 
352 56 56 
352 1326 56 
352 1056 56 
352 104 175 
352 104 175 41 
352 104 175 41 76 
352 104 617 
352 104 617 756 
352 104 617 756 610 
352 104 617 756 610 76 
352 104 617 756 610 76 472 
352 56 1327 
352 347 347 
352 692 56 
352 33 1325 
352 33 1325 1048 
353 582 347 563 
353 589 1181 
353 589 582 
353 582 267 
353 1328 347 
355 1329 1330 76 
355 176 176 
357 285 84 
357 1332 84 
357 84 274 
357 501 104 
357 1333 1333 
357 1332 285 
358 41 41 
358 176 176 
362 84 179 84 
362 593 84 
362 593 84 8 
362 84 204 
362 10 1336 
362 33 8 
362 33 8 8 
362 1337 977 
362 1337 977 38 
363 1338 33 
363 1338 33 176 
364 1339 7 
364 700 0 
365 1143 176 176 
365 115 817 
366 1342 797 
366 159 505 
366 37 1343 
366 579 153 
366 1344 797 
366 1345 797 
366 1345 797 0 
366 1345 797 0 0 
366 1346 181 
367 341 371 
367 379 1274 
367 341 412 
367 341 412 267 
367 1017 371 
367 1351 380 
367 1352 371 
367 179 992 
367 179 992 338 
368 1355 50 
368 1355 50 50 
368 1356 683 
368 721 493 
369 297 324 
370 41 472 
370 472 472 
372 104 1254 
372 8 144 
375 647 820 152 
376 682 1357 1358 
376 110 110 
376 110 110 110 
376 524 1359 
376 379 379 
377 1361 930 1360 391 755 
377 1361 930 1360 391 755 1360 
377 1361 930 1360 391 755 1360 1362 
377 1363 1364 
377 1363 1364 56 
377 56 1365 
377 56 1365 1364 
377 56 1365 1364 1107 
377 56 1365 1364 1107 0 
378 1007 8 
378 1007 8 354 
378 1007 8 354 41 
378 1007 508 
378 76 8 
378 76 8 1367 
378 76 8 1367 493 
378 165 1368 
380 56 56 
381 0 103 
381 0 103 1371 
381 1372 1373 
381 889 258 
382 56 56 
383 56 56 56 
383 56 56 
383 56 56 
384 56 56 56 
385 56 56 56 
385 144 61 
385 144 61 8 
385 144 61 8 8 
385 144 61 8 8 1374 
385 1375 256 
388 1377 56 1378 56 
388 1151 1377 
388 1151 1151 
390 282 527 
390 1379 527 
390 527 148 
391 1380 91 
392 689 972 
393 4 1381 
393 4 1381 506 
393 40 1381 
393 1384 1381 
393 1381 1385 
393 157 181 
393 161 1381 
393 21 1381 
393 21 1381 1386 
393 21 1381 1386 26 
393 1381 41 
393 1381 41 1381 
393 1381 41 1381 161 
394 960 187 1387 1387 
394 1387 1387 
394 1388 1389 
394 1388 1388 
395 50 50 
395 50 50 50 
395 50 50 50 115 
395 50 50 50 115 115 
395 50 50 50 115 115 26 
395 50 50 50 115 115 26 163 
395 50 50 50 115 115 26 163 25 
395 25 290 
395 25 290 154 
396 148 1379 
397 56 56 56 56 56 56 
397 56 1390 
397 693 182 
397 693 182 442 
397 367 46 
397 25 431 
399 0 792 
399 153 349 
399 494 349 
399 869 41 
399 869 41 41 
399 305 165 
399 1392 41 
399 324 8 
399 535 33 
401 869 284 
402 56 56 
402 56 56 
404 472 1397 
404 176 548 
404 41 1398 
404 472 436 
405 511 73 79 
406 489 8 
406 8 8 
406 8 8 
406 8 1399 
406 8 8 
406 8 8 8 
407 1400 165 
407 1400 165 1056 
408 25 1401 
408 1257 1401 
410 176 176 
410 1404 56 
411 176 176 
412 104 104 
413 324 153 148 
413 153 175 
414 152 380 
414 1406 1407 
415 258 0 0 
415 258 0 0 4 
416 50 165 
418 1057 1057 497 
418 1057 1057 497 497 
419 285 1410 33 
419 33 285 
420 1412 104 
420 1412 104 1412 
421 349 29 
421 148 25 
421 149 37 
421 149 37 20 
423 673 281 56 56 
423 56 56 
424 148 73 
424 425 1073 
424 8 41 
424 8 41 37 
424 425 1073 
425 1415 692 
425 29 29 
425 29 29 1416 
428 41 41 
428 41 41 
429 1418 157 
429 697 157 
429 697 163 
430 50 50 50 
430 50 1419 
431 76 76 
432 379 379 379 
432 232 680 
433 205 7 
433 7 1103 
433 273 8 
433 1423 1424 
433 1425 132 
433 1426 148 
435 248 249 
435 248 249 256 
435 259 260 
435 259 260 182 
438 92 25 1428 
439 342 341 
439 342 341 341 
440 8 25 
441 25 700 
441 903 1432 
441 1415 895 
441 1415 895 8 
441 1018 379 
441 1018 379 1433 
441 181 1434 
441 680 1435 
441 1436 1435 
441 7 148 
441 7 148 148 
441 7 148 148 258 
442 1168 421 313 
442 1168 421 313 240 
442 1168 421 313 240 956 
442 1168 421 313 240 956 240 
442 956 240 
442 240 956 
442 956 792 
442 132 226 
442 205 1439 
442 240 152 
442 240 956 
442 956 240 
442 1440 1441 
442 975 54 
443 668 744 
443 527 337 
443 527 337 
443 527 337 337 
444 1443 623 
445 76 27 
445 501 8 
445 472 56 
445 41 41 
446 50 50 50 1022 
446 88 1444 
447 424 270 
447 424 270 739 
448 25 331 
448 657 657 
449 88 1231 
449 41 41 
450 273 236 
450 403 176 
452 175 175 
452 175 175 1450 
453 597 267 
453 597 464 
453 267 1451 
453 597 944 
453 597 597 
454 25 25 25 
456 472 27 
457 512 495 1452 
457 512 495 1452 474 
457 182 182 
457 512 277 
458 56 56 
459 448 371 
459 103 1454 
459 1455 96 
459 37 1456 
460 702 579 
460 1458 41 
460 669 1458 
460 46 289 
460 1459 1458 
461 56 324 1460 
461 56 324 1460 1461 
461 28 1416 
461 346 1324 
462 1462 93 
462 56 320 
462 349 33 
462 1463 154 
462 540 495 
462 549 176 
465 761 632 
465 41 41 
466 1069 1444 
466 1069 1069 
467 163 0 
467 0 0 
467 564 277 
467 0 564 
467 0 506 
467 0 1468 
468 422 411 
469 1469 1470 
471 1471 411 
476 297 501 
476 297 501 595 
476 297 501 595 297 
476 297 501 595 297 563 
476 473 1475 
476 1233 423 
477 166 981 
477 166 0 
477 166 0 964 
477 969 568 
477 969 568 964 
477 969 568 964 1478 
480 50 531 
480 50 531 48 
480 835 1481 
480 835 1481 1482 
480 1483 1481 
480 1483 1481 1484 
480 1485 1481 
480 428 387 
480 1006 413 
480 1006 413 413 
481 541 535 
481 835 869 
482 1486 1487 1488 
484 1365 554 
486 148 148 
486 148 148 
486 551 148 
486 551 148 94 
486 551 148 94 1491 
486 168 145 
487 148 713 
487 148 370 
487 41 1493 
487 41 148 
488 501 41 
488 8 151 
488 349 1337 
489 521 152 521 
489 7 182 
489 1498 1446 
489 1352 461 
489 1446 992 
490 41 41 
490 341 1124 
492 786 73 
493 608 608 
493 641 639 
496 632 41 
496 41 41 
498 550 551 
498 550 551 551 
499 165 1457 
499 165 1457 165 
500 744 1502 1503 887 
500 744 1502 1503 887 744 
501 636 636 341 
501 188 341 
501 636 636 
501 341 341 
501 341 341 
501 341 341 341 
501 341 341 341 341 
502 443 50 
502 443 50 152 
503 26 535 1505 
506 539 5 
506 284 349 
508 1506 144 
508 1507 144 
509 25 1461 
509 25 1461 1508 
509 88 428 
509 88 428 56 
509 1509 1509 
509 1509 1509 
509 1509 331 
509 25 1509 
509 1509 1002 
510 11 414 
512 56 56 56 56 
512 56 56 56 56 56 
513 1510 1511 
514 56 56 
514 56 56 
515 833 26 
515 388 934 
516 975 56 124 
517 701 495 
517 701 0 
517 1513 701 
517 1442 0 
517 1442 0 701 
517 1442 0 701 0 
