[5, 1, 1, 1, 1.0, 1.0, 1.0]
[7, 1, 1, 1, 1.0, 1.0, 1.0]
[5, 1, 1, 1, 1.0, 1.0, 1.0]
[9, 1, 1, 1, 1.0, 1.0, 1.0]
[4, 1, 1, 1, 1.0, 1.0, 1.0]
[1, 1, 1, 1, 1.0, 1.0, 1.0]
[8, 1, 1, 1, 1.0, 1.0, 1.0]
[8, 1, 1, 1, 1.0, 1.0, 1.0]
[8, 1, 1, 1, 1.0, 1.0, 1.0]
[6, 1, 1, 1, 1.0, 1.0, 1.0]
[4, 0, 1, 1, 0, 0.5, 0.5]
[7, 1, 1, 1, 1.0, 1.0, 1.0]
[6, 1, 1, 1, 1.0, 1.0, 1.0]
[1, 0, 0, 1, 0, 0, 0.16666666666666666]
[6, 1, 1, 1, 1.0, 1.0, 1.0]
[1, 0, 1, 1, 0, 0.5, 0.5]
[4, 1, 1, 1, 1.0, 1.0, 1.0]
[8, 1, 1, 1, 1.0, 1.0, 1.0]
[6, 1, 1, 1, 1.0, 1.0, 1.0]
[5, 1, 1, 1, 1.0, 1.0, 1.0]
[1, 1, 1, 1, 1.0, 1.0, 1.0]
[7, 1, 1, 1, 1.0, 1.0, 1.0]
[2, 0, 0, 1, 0, 0, 0.125]
[7, 1, 1, 1, 1.0, 1.0, 1.0]
[7, 1, 1, 1, 1.0, 1.0, 1.0]
[9, 1, 1, 1, 1.0, 1.0, 1.0]
[2, 0, 1, 1, 0, 0.5, 0.5]
[2, 0, 0, 1, 0, 0, 0.14285714285714285]
[7, 1, 1, 1, 1.0, 1.0, 1.0]
[9, 1, 1, 1, 1.0, 1.0, 1.0]
[9, 1, 1, 1, 1.0, 1.0, 1.0]
[7, 1, 1, 1, 1.0, 1.0, 1.0]
[4, 1, 1, 1, 1.0, 1.0, 1.0]
[1, 1, 1, 1, 1.0, 1.0, 1.0]
[6, 1, 1, 1, 1.0, 1.0, 1.0]
[8, 1, 1, 1, 1.0, 1.0, 1.0]
[4, 1, 1, 1, 1.0, 1.0, 1.0]
[6, 1, 1, 1, 1.0, 1.0, 1.0]
[4, 1, 1, 1, 1.0, 1.0, 1.0]
[6, 1, 1, 1, 1.0, 1.0, 1.0]
[4, 1, 1, 1, 1.0, 1.0, 1.0]
[5, 1, 1, 1, 1.0, 1.0, 1.0]
[6, 1, 1, 1, 1.0, 1.0, 1.0]
[8, 1, 1, 1, 1.0, 1.0, 1.0]
[5, 1, 1, 1, 1.0, 1.0, 1.0]
[6, 1, 1, 1, 1.0, 1.0, 1.0]
[9, 1, 1, 1, 1.0, 1.0, 1.0]
[8, 1, 1, 1, 1.0, 1.0, 1.0]
[6, 1, 1, 1, 1.0, 1.0, 1.0]
[6, 1, 1, 1, 1.0, 1.0, 1.0]
[9, 1, 1, 1, 1.0, 1.0, 1.0]
[5, 1, 1, 1, 1.0, 1.0, 1.0]
[6, 1, 1, 1, 1.0, 1.0, 1.0]
[9, 1, 1, 1, 1.0, 1.0, 1.0]
[9, 1, 1, 1, 1.0, 1.0, 1.0]
[4, 1, 1, 1, 1.0, 1.0, 1.0]
[4, 1, 1, 1, 1.0, 1.0, 1.0]
[6, 1, 1, 1, 1.0, 1.0, 1.0]
[8, 1, 1, 1, 1.0, 1.0, 1.0]
[6, 1, 1, 1, 1.0, 1.0, 1.0]
[4, 1, 1, 1, 1.0, 1.0, 1.0]
[5, 1, 1, 1, 1.0, 1.0, 1.0]
[9, 1, 1, 1, 1.0, 1.0, 1.0]
[5, 1, 1, 1, 1.0, 1.0, 1.0]
[6, 1, 1, 1, 1.0, 1.0, 1.0]
[8, 1, 1, 1, 1.0, 1.0, 1.0]
[9, 1, 1, 1, 1.0, 1.0, 1.0]
[6, 1, 1, 1, 1.0, 1.0, 1.0]
[6, 1, 1, 1, 1.0, 1.0, 1.0]
[9, 1, 1, 1, 1.0, 1.0, 1.0]
[8, 1, 1, 1, 1.0, 1.0, 1.0]
[9, 1, 1, 1, 1.0, 1.0, 1.0]
[9, 1, 1, 1, 1.0, 1.0, 1.0]
[5, 1, 1, 1, 1.0, 1.0, 1.0]
[5, 1, 1, 1, 1.0, 1.0, 1.0]
[9, 1, 1, 1, 1.0, 1.0, 1.0]
[5, 1, 1, 1, 1.0, 1.0, 1.0]
[6, 0, 1, 1, 0, 0.5, 0.5]
[6, 1, 1, 1, 1.0, 1.0, 1.0]
[9, 1, 1, 1, 1.0, 1.0, 1.0]
[9, 1, 1, 1, 1.0, 1.0, 1.0]
[5, 1, 1, 1, 1.0, 1.0, 1.0]
[5, 1, 1, 1, 1.0, 1.0, 1.0]
[6, 1, 1, 1, 1.0, 1.0, 1.0]
[6, 1, 1, 1, 1.0, 1.0, 1.0]
[6, 1, 1, 1, 1.0, 1.0, 1.0]
[6, 1, 1, 1, 1.0, 1.0, 1.0]
[6, 1, 1, 1, 1.0, 1.0, 1.0]
[9, 1, 1, 1, 1.0, 1.0, 1.0]
[6, 1, 1, 1, 1.0, 1.0, 1.0]
[6, 1, 1, 1, 1.0, 1.0, 1.0]
[4, 1, 1, 1, 1.0, 1.0, 1.0]
[6, 1, 1, 1, 1.0, 1.0, 1.0]
[9, 1, 1, 1, 1.0, 1.0, 1.0]
[9, 1, 1, 1, 1.0, 1.0, 1.0]
[8, 1, 1, 1, 1.0, 1.0, 1.0]
[6, 1, 1, 1, 1.0, 1.0, 1.0]
[8, 1, 1, 1, 1.0, 1.0, 1.0]
[4, 1, 1, 1, 1.0, 1.0, 1.0]
[5, 1, 1, 1, 1.0, 1.0, 1.0]
[9, 1, 1, 1, 1.0, 1.0, 1.0]
[7, 1, 1, 1, 1.0, 1.0, 1.0]
[6, 1, 1, 1, 1.0, 1.0, 1.0]
[8, 1, 1, 1, 1.0, 1.0, 1.0]
[5, 1, 1, 1, 1.0, 1.0, 1.0]
[4, 1, 1, 1, 1.0, 1.0, 1.0]
[8, 1, 1, 1, 1.0, 1.0, 1.0]
[6, 1, 1, 1, 1.0, 1.0, 1.0]
[6, 1, 1, 1, 1.0, 1.0, 1.0]
[6, 1, 1, 1, 1.0, 1.0, 1.0]
[6, 0, 1, 1, 0, 0.25, 0.25]
[8, 1, 1, 1, 1.0, 1.0, 1.0]
[8, 1, 1, 1, 1.0, 1.0, 1.0]
[5, 0, 1, 1, 0, 0.5, 0.5]
[5, 1, 1, 1, 1.0, 1.0, 1.0]
[8, 1, 1, 1, 1.0, 1.0, 1.0]
[9, 0, 1, 1, 0, 0.5, 0.5]
[5, 1, 1, 1, 1.0, 1.0, 1.0]
[6, 1, 1, 1, 1.0, 1.0, 1.0]
[5, 1, 1, 1, 1.0, 1.0, 1.0]
[9, 1, 1, 1, 1.0, 1.0, 1.0]
[9, 1, 1, 1, 1.0, 1.0, 1.0]
[6, 1, 1, 1, 1.0, 1.0, 1.0]
[8, 1, 1, 1, 1.0, 1.0, 1.0]
[9, 1, 1, 1, 1.0, 1.0, 1.0]
[9, 1, 1, 1, 1.0, 1.0, 1.0]
[5, 1, 1, 1, 1.0, 1.0, 1.0]
[6, 1, 1, 1, 1.0, 1.0, 1.0]
[8, 1, 1, 1, 1.0, 1.0, 1.0]
[6, 1, 1, 1, 1.0, 1.0, 1.0]
[5, 1, 1, 1, 1.0, 1.0, 1.0]
[8, 1, 1, 1, 1.0, 1.0, 1.0]
[5, 1, 1, 1, 1.0, 1.0, 1.0]
[6, 1, 1, 1, 1.0, 1.0, 1.0]
[5, 1, 1, 1, 1.0, 1.0, 1.0]
[6, 1, 1, 1, 1.0, 1.0, 1.0]
[2, 1, 1, 1, 1.0, 1.0, 1.0]
[8, 1, 1, 1, 1.0, 1.0, 1.0]
[5, 1, 1, 1, 1.0, 1.0, 1.0]
[6, 1, 1, 1, 1.0, 1.0, 1.0]
[9, 1, 1, 1, 1.0, 1.0, 1.0]
[4, 1, 1, 1, 1.0, 1.0, 1.0]
[6, 1, 1, 1, 1.0, 1.0, 1.0]
[5, 1, 1, 1, 1.0, 1.0, 1.0]
[6, 1, 1, 1, 1.0, 1.0, 1.0]
[8, 1, 1, 1, 1.0, 1.0, 1.0]
[5, 1, 1, 1, 1.0, 1.0, 1.0]
[6, 1, 1, 1, 1.0, 1.0, 1.0]
[9, 1, 1, 1, 1.0, 1.0, 1.0]
[5, 1, 1, 1, 1.0, 1.0, 1.0]
[4, 1, 1, 1, 1.0, 1.0, 1.0]
[8, 1, 1, 1, 1.0, 1.0, 1.0]
[8, 1, 1, 1, 1.0, 1.0, 1.0]
[1, 1, 1, 1, 1.0, 1.0, 1.0]
[8, 1, 1, 1, 1.0, 1.0, 1.0]
[6, 1, 1, 1, 1.0, 1.0, 1.0]
[6, 1, 1, 1, 1.0, 1.0, 1.0]
[6, 1, 1, 1, 1.0, 1.0, 1.0]
[5, 1, 1, 1, 1.0, 1.0, 1.0]
[8, 1, 1, 1, 1.0, 1.0, 1.0]
[6, 1, 1, 1, 1.0, 1.0, 1.0]
[6, 1, 1, 1, 1.0, 1.0, 1.0]
[6, 1, 1, 1, 1.0, 1.0, 1.0]
[6, 1, 1, 1, 1.0, 1.0, 1.0]
[9, 1, 1, 1, 1.0, 1.0, 1.0]
[5, 1, 1, 1, 1.0, 1.0, 1.0]
[5, 1, 1, 1, 1.0, 1.0, 1.0]
[6, 1, 1, 1, 1.0, 1.0, 1.0]
[9, 0, 1, 1, 0, 0.3333333333333333, 0.3333333333333333]
[1, 1, 1, 1, 1.0, 1.0, 1.0]
[1, 1, 1, 1, 1.0, 1.0, 1.0]
[8, 1, 1, 1, 1.0, 1.0, 1.0]
[1, 1, 1, 1, 1.0, 1.0, 1.0]
[1, 1, 1, 1, 1.0, 1.0, 1.0]
[9, 1, 1, 1, 1.0, 1.0, 1.0]
[8, 1, 1, 1, 1.0, 1.0, 1.0]
[9, 1, 1, 1, 1.0, 1.0, 1.0]
[5, 1, 1, 1, 1.0, 1.0, 1.0]
[8, 1, 1, 1, 1.0, 1.0, 1.0]
[8, 1, 1, 1, 1.0, 1.0, 1.0]
[9, 1, 1, 1, 1.0, 1.0, 1.0]
[9, 1, 1, 1, 1.0, 1.0, 1.0]
[6, 1, 1, 1, 1.0, 1.0, 1.0]
[6, 1, 1, 1, 1.0, 1.0, 1.0]
[6, 1, 1, 1, 1.0, 1.0, 1.0]
[4, 1, 1, 1, 1.0, 1.0, 1.0]
[6, 1, 1, 1, 1.0, 1.0, 1.0]
[5, 1, 1, 1, 1.0, 1.0, 1.0]
[4, 1, 1, 1, 1.0, 1.0, 1.0]
[1, 1, 1, 1, 1.0, 1.0, 1.0]
[9, 1, 1, 1, 1.0, 1.0, 1.0]
[9, 1, 1, 1, 1.0, 1.0, 1.0]
[8, 1, 1, 1, 1.0, 1.0, 1.0]
[6, 1, 1, 1, 1.0, 1.0, 1.0]
[5, 1, 1, 1, 1.0, 1.0, 1.0]
[1, 1, 1, 1, 1.0, 1.0, 1.0]
[6, 1, 1, 1, 1.0, 1.0, 1.0]
[5, 1, 1, 1, 1.0, 1.0, 1.0]
[6, 1, 1, 1, 1.0, 1.0, 1.0]
[8, 1, 1, 1, 1.0, 1.0, 1.0]
[5, 1, 1, 1, 1.0, 1.0, 1.0]
[8, 1, 1, 1, 1.0, 1.0, 1.0]
[8, 1, 1, 1, 1.0, 1.0, 1.0]
[4, 1, 1, 1, 1.0, 1.0, 1.0]
[8, 1, 1, 1, 1.0, 1.0, 1.0]
[8, 0, 1, 1, 0, 0.5, 0.5]
[6, 1, 1, 1, 1.0, 1.0, 1.0]
[8, 1, 1, 1, 1.0, 1.0, 1.0]
[5, 1, 1, 1, 1.0, 1.0, 1.0]
[5, 1, 1, 1, 1.0, 1.0, 1.0]
[6, 1, 1, 1, 1.0, 1.0, 1.0]
[9, 1, 1, 1, 1.0, 1.0, 1.0]
[4, 1, 1, 1, 1.0, 1.0, 1.0]
[6, 1, 1, 1, 1.0, 1.0, 1.0]
[5, 1, 1, 1, 1.0, 1.0, 1.0]
[6, 1, 1, 1, 1.0, 1.0, 1.0]
[9, 1, 1, 1, 1.0, 1.0, 1.0]
[9, 1, 1, 1, 1.0, 1.0, 1.0]
[5, 1, 1, 1, 1.0, 1.0, 1.0]
[9, 1, 1, 1, 1.0, 1.0, 1.0]
[8, 1, 1, 1, 1.0, 1.0, 1.0]
[6, 1, 1, 1, 1.0, 1.0, 1.0]
[6, 1, 1, 1, 1.0, 1.0, 1.0]
[8, 1, 1, 1, 1.0, 1.0, 1.0]
[1, 1, 1, 1, 1.0, 1.0, 1.0]
[8, 1, 1, 1, 1.0, 1.0, 1.0]
[5, 1, 1, 1, 1.0, 1.0, 1.0]
[6, 1, 1, 1, 1.0, 1.0, 1.0]
[8, 1, 1, 1, 1.0, 1.0, 1.0]
[4, 1, 1, 1, 1.0, 1.0, 1.0]
[6, 1, 1, 1, 1.0, 1.0, 1.0]
[6, 1, 1, 1, 1.0, 1.0, 1.0]
[9, 1, 1, 1, 1.0, 1.0, 1.0]
[4, 1, 1, 1, 1.0, 1.0, 1.0]
[8, 1, 1, 1, 1.0, 1.0, 1.0]
[6, 1, 1, 1, 1.0, 1.0, 1.0]
[4, 1, 1, 1, 1.0, 1.0, 1.0]
[8, 1, 1, 1, 1.0, 1.0, 1.0]
[9, 1, 1, 1, 1.0, 1.0, 1.0]
[9, 1, 1, 1, 1.0, 1.0, 1.0]
[1, 1, 1, 1, 1.0, 1.0, 1.0]
[2, 1, 1, 1, 1.0, 1.0, 1.0]
[9, 1, 1, 1, 1.0, 1.0, 1.0]
[9, 0, 1, 1, 0, 0.5, 0.5]
[8, 1, 1, 1, 1.0, 1.0, 1.0]
[8, 1, 1, 1, 1.0, 1.0, 1.0]
[9, 1, 1, 1, 1.0, 1.0, 1.0]
[6, 1, 1, 1, 1.0, 1.0, 1.0]
[5, 1, 1, 1, 1.0, 1.0, 1.0]
[8, 1, 1, 1, 1.0, 1.0, 1.0]
[5, 1, 1, 1, 1.0, 1.0, 1.0]
[4, 0, 1, 1, 0, 0.5, 0.5]
[5, 1, 1, 1, 1.0, 1.0, 1.0]
[5, 1, 1, 1, 1.0, 1.0, 1.0]
[8, 1, 1, 1, 1.0, 1.0, 1.0]
[6, 1, 1, 1, 1.0, 1.0, 1.0]
[8, 1, 1, 1, 1.0, 1.0, 1.0]
[8, 1, 1, 1, 1.0, 1.0, 1.0]
[6, 1, 1, 1, 1.0, 1.0, 1.0]
[6, 1, 1, 1, 1.0, 1.0, 1.0]
[6, 1, 1, 1, 1.0, 1.0, 1.0]
[4, 1, 1, 1, 1.0, 1.0, 1.0]
[5, 1, 1, 1, 1.0, 1.0, 1.0]
[2, 1, 1, 1, 1.0, 1.0, 1.0]
[8, 1, 1, 1, 1.0, 1.0, 1.0]
[9, 1, 1, 1, 1.0, 1.0, 1.0]
[8, 1, 1, 1, 1.0, 1.0, 1.0]
[5, 1, 1, 1, 1.0, 1.0, 1.0]
[5, 1, 1, 1, 1.0, 1.0, 1.0]
[6, 1, 1, 1, 1.0, 1.0, 1.0]
[5, 1, 1, 1, 1.0, 1.0, 1.0]
[5, 1, 1, 1, 1.0, 1.0, 1.0]
[5, 1, 1, 1, 1.0, 1.0, 1.0]
[4, 1, 1, 1, 1.0, 1.0, 1.0]
[5, 1, 1, 1, 1.0, 1.0, 1.0]
[8, 1, 1, 1, 1.0, 1.0, 1.0]
[9, 1, 1, 1, 1.0, 1.0, 1.0]
[6, 1, 1, 1, 1.0, 1.0, 1.0]
[4, 1, 1, 1, 1.0, 1.0, 1.0]
[8, 1, 1, 1, 1.0, 1.0, 1.0]
[6, 1, 1, 1, 1.0, 1.0, 1.0]
[4, 1, 1, 1, 1.0, 1.0, 1.0]
[6, 1, 1, 1, 1.0, 1.0, 1.0]
[5, 1, 1, 1, 1.0, 1.0, 1.0]
[6, 1, 1, 1, 1.0, 1.0, 1.0]
[1, 1, 1, 1, 1.0, 1.0, 1.0]
[9, 1, 1, 1, 1.0, 1.0, 1.0]
[8, 1, 1, 1, 1.0, 1.0, 1.0]
[6, 1, 1, 1, 1.0, 1.0, 1.0]
[9, 1, 1, 1, 1.0, 1.0, 1.0]
[6, 1, 1, 1, 1.0, 1.0, 1.0]
[9, 1, 1, 1, 1.0, 1.0, 1.0]
[6, 1, 1, 1, 1.0, 1.0, 1.0]
[8, 1, 1, 1, 1.0, 1.0, 1.0]
[5, 1, 1, 1, 1.0, 1.0, 1.0]
[9, 1, 1, 1, 1.0, 1.0, 1.0]
[5, 1, 1, 1, 1.0, 1.0, 1.0]
[5, 1, 1, 1, 1.0, 1.0, 1.0]
[9, 1, 1, 1, 1.0, 1.0, 1.0]
[5, 1, 1, 1, 1.0, 1.0, 1.0]
[4, 1, 1, 1, 1.0, 1.0, 1.0]
[5, 1, 1, 1, 1.0, 1.0, 1.0]
[4, 1, 1, 1, 1.0, 1.0, 1.0]
[5, 1, 1, 1, 1.0, 1.0, 1.0]
[6, 1, 1, 1, 1.0, 1.0, 1.0]
[6, 1, 1, 1, 1.0, 1.0, 1.0]
[1, 1, 1, 1, 1.0, 1.0, 1.0]
[5, 1, 1, 1, 1.0, 1.0, 1.0]
[8, 1, 1, 1, 1.0, 1.0, 1.0]
[6, 1, 1, 1, 1.0, 1.0, 1.0]
[5, 1, 1, 1, 1.0, 1.0, 1.0]
[2, 1, 1, 1, 1.0, 1.0, 1.0]
[8, 1, 1, 1, 1.0, 1.0, 1.0]
[8, 1, 1, 1, 1.0, 1.0, 1.0]
[4, 1, 1, 1, 1.0, 1.0, 1.0]
[4, 1, 1, 1, 1.0, 1.0, 1.0]
[9, 0, 1, 1, 0, 0.5, 0.5]
[6, 1, 1, 1, 1.0, 1.0, 1.0]
[9, 1, 1, 1, 1.0, 1.0, 1.0]
[4, 1, 1, 1, 1.0, 1.0, 1.0]
[8, 1, 1, 1, 1.0, 1.0, 1.0]
[6, 1, 1, 1, 1.0, 1.0, 1.0]
[5, 1, 1, 1, 1.0, 1.0, 1.0]
[6, 1, 1, 1, 1.0, 1.0, 1.0]
[9, 1, 1, 1, 1.0, 1.0, 1.0]
[5, 1, 1, 1, 1.0, 1.0, 1.0]
[8, 1, 1, 1, 1.0, 1.0, 1.0]
[8, 1, 1, 1, 1.0, 1.0, 1.0]
[9, 1, 1, 1, 1.0, 1.0, 1.0]
[6, 1, 1, 1, 1.0, 1.0, 1.0]
[9, 1, 1, 1, 1.0, 1.0, 1.0]
[6, 1, 1, 1, 1.0, 1.0, 1.0]
[6, 1, 1, 1, 1.0, 1.0, 1.0]
[6, 1, 1, 1, 1.0, 1.0, 1.0]
[9, 1, 1, 1, 1.0, 1.0, 1.0]
[6, 0, 1, 1, 0, 0.3333333333333333, 0.3333333333333333]
[9, 1, 1, 1, 1.0, 1.0, 1.0]
[8, 1, 1, 1, 1.0, 1.0, 1.0]
[6, 1, 1, 1, 1.0, 1.0, 1.0]
[9, 1, 1, 1, 1.0, 1.0, 1.0]
[6, 1, 1, 1, 1.0, 1.0, 1.0]
[6, 1, 1, 1, 1.0, 1.0, 1.0]
[5, 1, 1, 1, 1.0, 1.0, 1.0]
[6, 1, 1, 1, 1.0, 1.0, 1.0]
[6, 1, 1, 1, 1.0, 1.0, 1.0]
[9, 1, 1, 1, 1.0, 1.0, 1.0]
[2, 0, 1, 1, 0, 0.25, 0.25]
[6, 1, 1, 1, 1.0, 1.0, 1.0]
[6, 1, 1, 1, 1.0, 1.0, 1.0]
[6, 1, 1, 1, 1.0, 1.0, 1.0]
[9, 1, 1, 1, 1.0, 1.0, 1.0]
[1, 1, 1, 1, 1.0, 1.0, 1.0]
[4, 1, 1, 1, 1.0, 1.0, 1.0]
[6, 1, 1, 1, 1.0, 1.0, 1.0]
[5, 1, 1, 1, 1.0, 1.0, 1.0]
[5, 1, 1, 1, 1.0, 1.0, 1.0]
[6, 1, 1, 1, 1.0, 1.0, 1.0]
[6, 1, 1, 1, 1.0, 1.0, 1.0]
[7, 1, 1, 1, 1.0, 1.0, 1.0]
[6, 1, 1, 1, 1.0, 1.0, 1.0]
[8, 1, 1, 1, 1.0, 1.0, 1.0]
[8, 1, 1, 1, 1.0, 1.0, 1.0]
[1, 1, 1, 1, 1.0, 1.0, 1.0]
[6, 1, 1, 1, 1.0, 1.0, 1.0]
[6, 1, 1, 1, 1.0, 1.0, 1.0]
[9, 1, 1, 1, 1.0, 1.0, 1.0]
[5, 1, 1, 1, 1.0, 1.0, 1.0]
[6, 1, 1, 1, 1.0, 1.0, 1.0]
[7, 1, 1, 1, 1.0, 1.0, 1.0]
[6, 1, 1, 1, 1.0, 1.0, 1.0]
[6, 1, 1, 1, 1.0, 1.0, 1.0]
[6, 1, 1, 1, 1.0, 1.0, 1.0]
[5, 1, 1, 1, 1.0, 1.0, 1.0]
[6, 1, 1, 1, 1.0, 1.0, 1.0]
[9, 1, 1, 1, 1.0, 1.0, 1.0]
[5, 1, 1, 1, 1.0, 1.0, 1.0]
[7, 1, 1, 1, 1.0, 1.0, 1.0]
[1, 1, 1, 1, 1.0, 1.0, 1.0]
[6, 1, 1, 1, 1.0, 1.0, 1.0]
[5, 1, 1, 1, 1.0, 1.0, 1.0]
[8, 1, 1, 1, 1.0, 1.0, 1.0]
[6, 1, 1, 1, 1.0, 1.0, 1.0]
[8, 1, 1, 1, 1.0, 1.0, 1.0]
[7, 1, 1, 1, 1.0, 1.0, 1.0]
[6, 1, 1, 1, 1.0, 1.0, 1.0]
[8, 1, 1, 1, 1.0, 1.0, 1.0]
[9, 1, 1, 1, 1.0, 1.0, 1.0]
[8, 1, 1, 1, 1.0, 1.0, 1.0]
[1, 1, 1, 1, 1.0, 1.0, 1.0]
[6, 1, 1, 1, 1.0, 1.0, 1.0]
[6, 1, 1, 1, 1.0, 1.0, 1.0]
[5, 1, 1, 1, 1.0, 1.0, 1.0]
[6, 1, 1, 1, 1.0, 1.0, 1.0]
[9, 1, 1, 1, 1.0, 1.0, 1.0]
[8, 1, 1, 1, 1.0, 1.0, 1.0]
[6, 1, 1, 1, 1.0, 1.0, 1.0]
[9, 1, 1, 1, 1.0, 1.0, 1.0]
[8, 1, 1, 1, 1.0, 1.0, 1.0]
[6, 1, 1, 1, 1.0, 1.0, 1.0]
[5, 1, 1, 1, 1.0, 1.0, 1.0]
[5, 0, 1, 1, 0, 0.5, 0.5]
[6, 1, 1, 1, 1.0, 1.0, 1.0]
[5, 1, 1, 1, 1.0, 1.0, 1.0]
[5, 1, 1, 1, 1.0, 1.0, 1.0]
[4, 1, 1, 1, 1.0, 1.0, 1.0]
[5, 1, 1, 1, 1.0, 1.0, 1.0]
[4, 1, 1, 1, 1.0, 1.0, 1.0]
[9, 1, 1, 1, 1.0, 1.0, 1.0]
[6, 1, 1, 1, 1.0, 1.0, 1.0]
[4, 1, 1, 1, 1.0, 1.0, 1.0]
[6, 1, 1, 1, 1.0, 1.0, 1.0]
[5, 1, 1, 1, 1.0, 1.0, 1.0]
[6, 1, 1, 1, 1.0, 1.0, 1.0]
[1, 1, 1, 1, 1.0, 1.0, 1.0]
[6, 1, 1, 1, 1.0, 1.0, 1.0]
[9, 0, 1, 1, 0, 0.2, 0.2]
[9, 1, 1, 1, 1.0, 1.0, 1.0]
[8, 1, 1, 1, 1.0, 1.0, 1.0]
[9, 1, 1, 1, 1.0, 1.0, 1.0]
[6, 1, 1, 1, 1.0, 1.0, 1.0]
[5, 1, 1, 1, 1.0, 1.0, 1.0]
[1, 1, 1, 1, 1.0, 1.0, 1.0]
[4, 1, 1, 1, 1.0, 1.0, 1.0]
[5, 1, 1, 1, 1.0, 1.0, 1.0]
[4, 0, 1, 1, 0, 0.5, 0.5]
[6, 1, 1, 1, 1.0, 1.0, 1.0]
[5, 1, 1, 1, 1.0, 1.0, 1.0]
[5, 1, 1, 1, 1.0, 1.0, 1.0]
[6, 1, 1, 1, 1.0, 1.0, 1.0]
[4, 1, 1, 1, 1.0, 1.0, 1.0]
[9, 1, 1, 1, 1.0, 1.0, 1.0]
[6, 1, 1, 1, 1.0, 1.0, 1.0]
[5, 1, 1, 1, 1.0, 1.0, 1.0]
[5, 1, 1, 1, 1.0, 1.0, 1.0]
[5, 1, 1, 1, 1.0, 1.0, 1.0]
[6, 1, 1, 1, 1.0, 1.0, 1.0]
[8, 1, 1, 1, 1.0, 1.0, 1.0]
[9, 1, 1, 1, 1.0, 1.0, 1.0]
[1, 1, 1, 1, 1.0, 1.0, 1.0]
[6, 1, 1, 1, 1.0, 1.0, 1.0]
[9, 1, 1, 1, 1.0, 1.0, 1.0]
[6, 1, 1, 1, 1.0, 1.0, 1.0]
[9, 1, 1, 1, 1.0, 1.0, 1.0]
[8, 1, 1, 1, 1.0, 1.0, 1.0]
[8, 1, 1, 1, 1.0, 1.0, 1.0]
[5, 1, 1, 1, 1.0, 1.0, 1.0]
[8, 1, 1, 1, 1.0, 1.0, 1.0]
[8, 1, 1, 1, 1.0, 1.0, 1.0]
[8, 1, 1, 1, 1.0, 1.0, 1.0]
[5, 1, 1, 1, 1.0, 1.0, 1.0]
[9, 1, 1, 1, 1.0, 1.0, 1.0]
[8, 1, 1, 1, 1.0, 1.0, 1.0]
[5, 1, 1, 1, 1.0, 1.0, 1.0]
[9, 1, 1, 1, 1.0, 1.0, 1.0]
[6, 1, 1, 1, 1.0, 1.0, 1.0]
[5, 1, 1, 1, 1.0, 1.0, 1.0]
[6, 1, 1, 1, 1.0, 1.0, 1.0]
[8, 1, 1, 1, 1.0, 1.0, 1.0]
[1, 1, 1, 1, 1.0, 1.0, 1.0]
[9, 1, 1, 1, 1.0, 1.0, 1.0]
[5, 1, 1, 1, 1.0, 1.0, 1.0]
[4, 1, 1, 1, 1.0, 1.0, 1.0]
[6, 1, 1, 1, 1.0, 1.0, 1.0]
[6, 1, 1, 1, 1.0, 1.0, 1.0]
[8, 0, 1, 1, 0, 0.5, 0.5]
[4, 1, 1, 1, 1.0, 1.0, 1.0]
[6, 1, 1, 1, 1.0, 1.0, 1.0]
[4, 1, 1, 1, 1.0, 1.0, 1.0]
[5, 1, 1, 1, 1.0, 1.0, 1.0]
[6, 1, 1, 1, 1.0, 1.0, 1.0]
[5, 1, 1, 1, 1.0, 1.0, 1.0]
[1, 1, 1, 1, 1.0, 1.0, 1.0]
[6, 1, 1, 1, 1.0, 1.0, 1.0]
[7, 1, 1, 1, 1.0, 1.0, 1.0]
[1, 1, 1, 1, 1.0, 1.0, 1.0]
[6, 1, 1, 1, 1.0, 1.0, 1.0]
[5, 1, 1, 1, 1.0, 1.0, 1.0]
[5, 1, 1, 1, 1.0, 1.0, 1.0]
[6, 1, 1, 1, 1.0, 1.0, 1.0]
[8, 1, 1, 1, 1.0, 1.0, 1.0]
[8, 1, 1, 1, 1.0, 1.0, 1.0]
[8, 1, 1, 1, 1.0, 1.0, 1.0]
[5, 1, 1, 1, 1.0, 1.0, 1.0]
[9, 1, 1, 1, 1.0, 1.0, 1.0]
[5, 1, 1, 1, 1.0, 1.0, 1.0]
[9, 1, 1, 1, 1.0, 1.0, 1.0]
[8, 1, 1, 1, 1.0, 1.0, 1.0]
[8, 1, 1, 1, 1.0, 1.0, 1.0]
[7, 1, 1, 1, 1.0, 1.0, 1.0]
[5, 1, 1, 1, 1.0, 1.0, 1.0]
[5, 1, 1, 1, 1.0, 1.0, 1.0]
[6, 1, 1, 1, 1.0, 1.0, 1.0]
[9, 1, 1, 1, 1.0, 1.0, 1.0]
[6, 1, 1, 1, 1.0, 1.0, 1.0]
[6, 1, 1, 1, 1.0, 1.0, 1.0]
[8, 1, 1, 1, 1.0, 1.0, 1.0]
[6, 1, 1, 1, 1.0, 1.0, 1.0]
[9, 1, 1, 1, 1.0, 1.0, 1.0]
[5, 1, 1, 1, 1.0, 1.0, 1.0]
[5, 1, 1, 1, 1.0, 1.0, 1.0]
[5, 1, 1, 1, 1.0, 1.0, 1.0]
[6, 1, 1, 1, 1.0, 1.0, 1.0]
[1, 1, 1, 1, 1.0, 1.0, 1.0]
[5, 1, 1, 1, 1.0, 1.0, 1.0]
[5, 1, 1, 1, 1.0, 1.0, 1.0]
[6, 1, 1, 1, 1.0, 1.0, 1.0]
[5, 1, 1, 1, 1.0, 1.0, 1.0]
[8, 1, 1, 1, 1.0, 1.0, 1.0]
[9, 1, 1, 1, 1.0, 1.0, 1.0]
[6, 1, 1, 1, 1.0, 1.0, 1.0]
[8, 1, 1, 1, 1.0, 1.0, 1.0]
[5, 1, 1, 1, 1.0, 1.0, 1.0]
[8, 1, 1, 1, 1.0, 1.0, 1.0]
[9, 1, 1, 1, 1.0, 1.0, 1.0]
[6, 1, 1, 1, 1.0, 1.0, 1.0]
[9, 1, 1, 1, 1.0, 1.0, 1.0]
[9, 0, 1, 1, 0, 0.5, 0.5]
[8, 1, 1, 1, 1.0, 1.0, 1.0]
[6, 1, 1, 1, 1.0, 1.0, 1.0]
[6, 1, 1, 1, 1.0, 1.0, 1.0]
[5, 1, 1, 1, 1.0, 1.0, 1.0]
[9, 1, 1, 1, 1.0, 1.0, 1.0]
[8, 1, 1, 1, 1.0, 1.0, 1.0]
[5, 1, 1, 1, 1.0, 1.0, 1.0]
[9, 1, 1, 1, 1.0, 1.0, 1.0]
[6, 1, 1, 1, 1.0, 1.0, 1.0]
[1, 1, 1, 1, 1.0, 1.0, 1.0]
[5, 1, 1, 1, 1.0, 1.0, 1.0]
[5, 1, 1, 1, 1.0, 1.0, 1.0]
[5, 1, 1, 1, 1.0, 1.0, 1.0]
[5, 1, 1, 1, 1.0, 1.0, 1.0]
[6, 1, 1, 1, 1.0, 1.0, 1.0]
[8, 1, 1, 1, 1.0, 1.0, 1.0]
[4, 1, 1, 1, 1.0, 1.0, 1.0]
[6, 1, 1, 1, 1.0, 1.0, 1.0]
[5, 1, 1, 1, 1.0, 1.0, 1.0]
[8, 1, 1, 1, 1.0, 1.0, 1.0]
[9, 1, 1, 1, 1.0, 1.0, 1.0]
[5, 1, 1, 1, 1.0, 1.0, 1.0]
[4, 1, 1, 1, 1.0, 1.0, 1.0]
[6, 1, 1, 1, 1.0, 1.0, 1.0]
[8, 1, 1, 1, 1.0, 1.0, 1.0]
[8, 1, 1, 1, 1.0, 1.0, 1.0]
[9, 1, 1, 1, 1.0, 1.0, 1.0]
[9, 1, 1, 1, 1.0, 1.0, 1.0]
[5, 1, 1, 1, 1.0, 1.0, 1.0]
[6, 1, 1, 1, 1.0, 1.0, 1.0]
[6, 1, 1, 1, 1.0, 1.0, 1.0]
[5, 1, 1, 1, 1.0, 1.0, 1.0]
[6, 1, 1, 1, 1.0, 1.0, 1.0]
[5, 1, 1, 1, 1.0, 1.0, 1.0]
[8, 1, 1, 1, 1.0, 1.0, 1.0]
[5, 1, 1, 1, 1.0, 1.0, 1.0]
[6, 1, 1, 1, 1.0, 1.0, 1.0]
[8, 1, 1, 1, 1.0, 1.0, 1.0]
[9, 1, 1, 1, 1.0, 1.0, 1.0]
[6, 1, 1, 1, 1.0, 1.0, 1.0]
[6, 1, 1, 1, 1.0, 1.0, 1.0]
[6, 1, 1, 1, 1.0, 1.0, 1.0]
[6, 1, 1, 1, 1.0, 1.0, 1.0]
[9, 1, 1, 1, 1.0, 1.0, 1.0]
[9, 1, 1, 1, 1.0, 1.0, 1.0]
[6, 1, 1, 1, 1.0, 1.0, 1.0]
[6, 1, 1, 1, 1.0, 1.0, 1.0]
[9, 1, 1, 1, 1.0, 1.0, 1.0]
[9, 1, 1, 1, 1.0, 1.0, 1.0]
[6, 1, 1, 1, 1.0, 1.0, 1.0]
[7, 1, 1, 1, 1.0, 1.0, 1.0]
[8, 1, 1, 1, 1.0, 1.0, 1.0]
[8, 1, 1, 1, 1.0, 1.0, 1.0]
[6, 1, 1, 1, 1.0, 1.0, 1.0]
[6, 1, 1, 1, 1.0, 1.0, 1.0]
[8, 1, 1, 1, 1.0, 1.0, 1.0]
[8, 1, 1, 1, 1.0, 1.0, 1.0]
[6, 1, 1, 1, 1.0, 1.0, 1.0]
[5, 1, 1, 1, 1.0, 1.0, 1.0]
[8, 1, 1, 1, 1.0, 1.0, 1.0]
[5, 0, 1, 1, 0, 0.5, 0.5]
[8, 1, 1, 1, 1.0, 1.0, 1.0]
[9, 1, 1, 1, 1.0, 1.0, 1.0]
[8, 1, 1, 1, 1.0, 1.0, 1.0]
[5, 1, 1, 1, 1.0, 1.0, 1.0]
[5, 1, 1, 1, 1.0, 1.0, 1.0]
[5, 1, 1, 1, 1.0, 1.0, 1.0]
[6, 1, 1, 1, 1.0, 1.0, 1.0]
[9, 1, 1, 1, 1.0, 1.0, 1.0]
[6, 1, 1, 1, 1.0, 1.0, 1.0]
[8, 1, 1, 1, 1.0, 1.0, 1.0]
[5, 1, 1, 1, 1.0, 1.0, 1.0]
[7, 1, 1, 1, 1.0, 1.0, 1.0]
[7, 1, 1, 1, 1.0, 1.0, 1.0]
[7, 1, 1, 1, 1.0, 1.0, 1.0]
[8, 1, 1, 1, 1.0, 1.0, 1.0]
[6, 1, 1, 1, 1.0, 1.0, 1.0]
[5, 1, 1, 1, 1.0, 1.0, 1.0]
[8, 1, 1, 1, 1.0, 1.0, 1.0]
[9, 1, 1, 1, 1.0, 1.0, 1.0]
[5, 1, 1, 1, 1.0, 1.0, 1.0]
[5, 1, 1, 1, 1.0, 1.0, 1.0]
[6, 1, 1, 1, 1.0, 1.0, 1.0]
[4, 1, 1, 1, 1.0, 1.0, 1.0]
[5, 1, 1, 1, 1.0, 1.0, 1.0]
[8, 1, 1, 1, 1.0, 1.0, 1.0]
[6, 1, 1, 1, 1.0, 1.0, 1.0]
